
2022-02-07 09:07:00
训练时长0m1s使用算法: gbdt
0.1159329817760798
3
0.12726275498272535
0.13129015740397051
0.11848608722815841
0.12206304808100239
0.1275442542881361
0.1408745766508811
0.1262094822433213
0.12654223938396186
0.12085253670799749
0.11776872150501634
0.12999559709583638
0.13815107690114686
0.12415161689406817
0.13643079696481256
0.14981513509424738
0.14517168894592758
0.14607178159357578
0.16459743224882498
0.15600031355116298
0.1684023186995646
0.19199670571611296
0.18007793507513256
0.18868849979111632
0.17239136718225867
0.1159329817760798
0.11628223774857299
