
2022-02-07 09:07:46
训练时长0m1s使用算法: gbdt
0.097795623013775
5
0.14693014667332063
0.13971711105745274
0.13865530111845203
0.14412137074365328
0.14441658560429446
0.1427768054865681
0.14206997650107156
0.14486679981743167
0.1462678748987649
0.1485360853099336
0.15005803219445005
0.14517304928536512
0.14269047227348527
0.14481302047243547
0.15638858745090636
0.1573649398877482
0.1358388675573566
0.13429933260844346
0.14533550547001606
0.14257573443155833
0.13562731693457936
0.1376428753463088
0.097795623013775
0.1344371249324903
0.13606349949867952
0.28886322053502766
