
2022-01-23 17:31:55
训练时长0m1s使用算法: ada
0.07536711928499511
11
0.08522062464229556
0.08721876259576121
0.08673778320270491
0.08481973025140004
0.08137575374805524
0.0895438336933833
0.08182876373708246
0.07810713188640488
0.07536711928499511
0.08079937676376403
0.08739028430351932
0.09738606893470896

2022-01-23 17:34:40
训练时长0m1s使用算法: ada
0.07704588472433715
13
0.07926295597821338
0.08153814520512086
0.0893645167818688
0.08198553164157137
0.0835877013590876
0.08379460234010427
0.08410864802944762
0.07704588472433715
0.08473313159714375
0.09088232898357583
0.09843257907237866
0.0992828224596165

2022-01-23 18:00:30
训练时长0m1s使用算法: ada
0.08055831023369074
7
0.08325148842900594
0.0867502449079398
0.09058362831785548
0.08515940469333394
0.0864882539134645
0.0815566805520494
0.08911446455397976
0.08664930803011617
0.08728181752768875
0.08147801902060167
0.08055831023369074
0.09880270694880972

2022-01-25 11:30:40
训练时长0m2s使用算法: ada
0.058107424394388235
18
0.06464975735781671
0.07120973399069835
0.06618225558946873
0.06164816039888913
0.06276944977380698
0.06023727748170752
0.07218593531708027
0.0672136689206859
0.06496165926081311
0.058107424394388235
0.06466293916370787
0.06533754047154265
0.06387577938712041
0.08045689105463491
0.06633692893748898
0.06581370086801251
0.06362697879331848
0.0787015442806318
0.08772386567682432
0.0783156527415167
0.09670971182152455
0.08389818688546517
0.09339261766511818
0.10253268967088752
0.10085492637224708
0.10347703871051984

2022-01-25 15:17:52
训练时长0m2s使用算法: ada
0.062366601742639506
27
0.062366601742639506
0.06773587130288669
0.06858691141280214
0.06790262054936798
0.06785693641460318
0.06429705684843766
0.06583024158752866
0.06893941354722039
0.06390515821035359
0.06574166670502887
0.06419250844583149
0.06746154083808557
0.06773313286477406
0.06655518522913394
0.0695354549128523
0.06960174340756503
0.07416332264702596
0.076829554685986
0.07388742954101307
0.08695699085384583
0.09014953432071066
0.09035888065108726
0.09192166526489544
0.09869136245749195
0.1044387621444493
0.1060568280107176
