
2022-02-08 11:46:03
训练时长0m0s使用算法: lgb
0.24967405451040212
2
0.24967405451040212
0.24967405451040212
0.24967405451040212
0.24967405451040212
0.24967405451040212
0.24967405451040212
0.24967405451040212
0.24967405451040212
0.24967405451040212
0.24967405451040212
0.24967405451040212
0.24967405451040212
0.24967405451040212
0.24967405451040212
0.24967405451040212
0.24967405451040212
0.24967405451040212
0.24967405451040212
0.24967405451040212
0.24967405451040212
0.24967405451040212
0.24967405451040212
0.24967405451040212
0.24967405451040212
0.24967405451040212
0.24967405451040212
