
2022-02-08 11:24:07
训练时长0m6s使用算法: rf
0.11521448792749954
4
0.12950038753412726
0.1262964114389213
0.1311337422395192
0.11922046533199604
0.12649699698229286
0.1336995632839733
0.12360794592998924
0.12015211751861356
0.1154130878218611
0.12142521890452464
0.13148550916075816
0.13822450630074212
0.13070884815371217
0.1378890779073986
0.13871450088199666
0.12864191771980954
0.12733256186922864
0.13174522678314418
0.16253211797911846
0.1362920337608209
0.14157422647467657
0.1411446832615422
0.11571164907409869
0.11521448792749954
0.11741557451446283
0.12058592980208575
