
2022-02-08 11:26:37
训练时长0m0s使用算法: lgb
0.13359617432368545
17
0.13502716503106602
0.13502716503106602
0.13502716503106602
0.13502716503106602
0.13502716503106602
0.13434847741333839
0.13434847741333839
0.13414333355107963
0.13495441199093966
0.13452008280851974
0.13359617432368545
0.13599388988743985
0.1376399269656238
0.1387480569976696
0.1390606563688879
0.13636192238388609
0.1373887453238423
0.13956026002622765
0.13488409887463282
0.14286390240239644
0.1445142310480648
0.1571950104014682
0.17890639538289374
0.17334257476863665
0.17131024370647163
0.15065799772431765
