
2022-02-08 11:24:01
训练时长0m0s使用算法: lgb
0.1041420018425638
2
0.1041420018425638
0.1041420018425638
0.1041420018425638
0.1041420018425638
0.1041420018425638
0.1041420018425638
0.1041420018425638
0.1041420018425638
0.1041420018425638
0.1041420018425638
0.1041420018425638
0.1041420018425638
0.1041420018425638
0.1041420018425638
0.1041420018425638
0.1041420018425638
0.1041420018425638
0.1041420018425638
0.1041420018425638
0.1041420018425638
0.1041420018425638
0.1041420018425638
0.1041420018425638
0.1041420018425638
0.1041420018425638
0.1041420018425638
