
2022-02-08 11:25:23
训练时长0m6s使用算法: rf
0.07668090850183841
5
0.10068268046689681
0.1024652568099451
0.10558156518288649
0.0986980701490532
0.10121426381165671
0.0977963449368508
0.10322065451907064
0.1016469771940186
0.10000845121139479
0.10120862308527723
0.09790576096185588
0.09761765922686814
0.10433545731231904
0.10506698640206047
0.09586145132016412
0.09499716098734211
0.0931303346647584
0.09269300332668823
0.09605651198667721
0.09191739324954111
0.0929640392951651
0.08374599359234906
0.07668090850183841
0.0967193976359224
0.09951574295294445
0.07990353157440615
