
2022-01-23 17:31:55
训练时长0m1s使用算法: ada
0.07536711928499511
11
0.08522062464229556
0.08721876259576121
0.08673778320270491
0.08481973025140004
0.08137575374805524
0.0895438336933833
0.08182876373708246
0.07810713188640488
0.07536711928499511
0.08079937676376403
0.08739028430351932
0.09738606893470896

2022-01-23 17:34:40
训练时长0m1s使用算法: ada
0.07704588472433715
13
0.07926295597821338
0.08153814520512086
0.0893645167818688
0.08198553164157137
0.0835877013590876
0.08379460234010427
0.08410864802944762
0.07704588472433715
0.08473313159714375
0.09088232898357583
0.09843257907237866
0.0992828224596165

2022-01-23 18:00:30
训练时长0m1s使用算法: ada
0.08055831023369074
7
0.08325148842900594
0.0867502449079398
0.09058362831785548
0.08515940469333394
0.0864882539134645
0.0815566805520494
0.08911446455397976
0.08664930803011617
0.08728181752768875
0.08147801902060167
0.08055831023369074
0.09880270694880972
