
2022-01-23 17:25:28
训练时长0m0s使用算法: lgb
0.07915376949497296
7
0.08825684823560764
0.08825684823560764
0.08825684823560764
0.08825684823560764
0.08825684823560764
0.08825684823560764
0.08825684823560764
0.09287875982695826
0.08644511249079352
0.08335960270923799
0.07915376949497296
0.08241760219878802

2022-01-23 17:31:10
训练时长0m0s使用算法: lgb
0.09980707885396188
13
0.10800636277255617
0.10800636277255617
0.10800636277255617
0.10800636277255617
0.10800636277255617
0.10800636277255617
0.10800636277255617
0.09980707885396188
0.10275428273792808
0.10190264007039394
0.1001124781638457
0.12056998019660443

2022-01-23 17:34:05
训练时长0m0s使用算法: lgb
0.09980707885396188
13
0.10800636277255617
0.10800636277255617
0.10800636277255617
0.10800636277255617
0.10800636277255617
0.10800636277255617
0.10800636277255617
0.09980707885396188
0.10275428273792808
0.10190264007039394
0.1001124781638457
0.12056998019660443

2022-01-23 17:59:21
训练时长0m0s使用算法: lgb
0.09980707885396188
13
0.10800636277255617
0.10800636277255617
0.10800636277255617
0.10800636277255617
0.10800636277255617
0.10800636277255617
0.10800636277255617
0.09980707885396188
0.10275428273792808
0.10190264007039394
0.1001124781638457
0.12056998019660443

2022-01-23 17:59:49
训练时长0m0s使用算法: lgb
0.09980707885396188
13
0.10800636277255617
0.10800636277255617
0.10800636277255617
0.10800636277255617
0.10800636277255617
0.10800636277255617
0.10800636277255617
0.09980707885396188
0.10275428273792808
0.10190264007039394
0.1001124781638457
0.12056998019660443
