
2022-01-23 17:31:47
训练时长0m0s使用算法: lgb
0.07230941397523998
9
0.08058695232580616
0.08058695232580616
0.08058695232580616
0.08058695232580616
0.08058695232580616
0.08058695232580616
0.08058695232580616
0.07671375840755322
0.07734232570889225
0.07230941397523998
0.08017593005566502
0.09446358738170037

2022-01-23 17:34:32
训练时长0m0s使用算法: lgb
0.07230941397523998
9
0.08058695232580616
0.08058695232580616
0.08058695232580616
0.08058695232580616
0.08058695232580616
0.08058695232580616
0.08058695232580616
0.07671375840755322
0.07734232570889225
0.07230941397523998
0.08017593005566502
0.09446358738170037

2022-01-23 18:00:23
训练时长0m0s使用算法: lgb
0.07230941397523998
9
0.08058695232580616
0.08058695232580616
0.08058695232580616
0.08058695232580616
0.08058695232580616
0.08058695232580616
0.08058695232580616
0.07671375840755322
0.07734232570889225
0.07230941397523998
0.08017593005566502
0.09446358738170037
