
2022-02-08 11:47:34
训练时长0m2s使用算法: ada
0.17390936045525116
26
0.19175143249811386
0.17390936045525116
0.19427156890622746
0.191466671165842
0.18861413575629282
0.19376248019080533
0.18246806592109302
0.18916951021010472
0.19234061584984816
0.1891708738607787
0.19238697068905738
0.1800082026134396
0.1907817347903766
0.20260349885786677
0.1865006347582924
0.19362351353038562
0.19139026188721844
0.1889056210012535
0.2176719310720133
0.20260723452090168
0.20877355406909606
0.18515103705323563
0.18697161954452554
0.19589135680783276
0.22291495040859952
0.21854385243816632
