
2022-02-08 11:24:00
训练时长0m1s使用算法: gbdt
0.08639016939571788
6
0.12003184278392036
0.12375326013085323
0.126138780084915
0.12475363652686185
0.12308217310916549
0.1274686919672148
0.1251032973141928
0.1372639982781002
0.1291202465336031
0.11851686207295446
0.1240794235171954
0.12594702500762123
0.12734431186003223
0.1215108339738288
0.126157404703196
0.11698887016452202
0.09849513494258617
0.10886305902885135
0.11202765590144509
0.11423810420252245
0.10286407009147819
0.08639016939571788
0.09401718734402686
0.0887960099457842
0.10171477637971194
0.1436240088621755
