
2022-02-07 09:07:54
训练时长0m6s使用算法: rf
0.16201936549536455
17
0.1686538476701095
0.17479336995801664
0.1805328632479403
0.16835726397100934
0.19291670329600974
0.18276940750757933
0.17859058270551328
0.17337520341489132
0.16626702499640822
0.17537045893482126
0.16201936549536455
0.179081639040516
0.1828700407076983
0.16918651376015828
0.1844531117964813
0.17029274021476895
0.18671970904371862
0.1788628700106464
0.18242156730532766
0.1759128148631294
0.21291624019326916
0.22802041428434625
0.23505737236941035
0.19884636136669734
0.20518622971986658
0.23409842697974945
