
2022-01-23 17:25:34
训练时长0m1s使用算法: xgb
0.08913419315476938
7
0.09388125100579132
0.09603330011000706
0.09607442085951445
0.09556067844522496
0.096002654028569
0.09556392425969355
0.09884541703526395
0.09850089201953817
0.09958814165729703
0.09509662655656655
0.08913419315476938
0.10094565747805405

2022-01-23 17:31:16
训练时长0m1s使用算法: xgb
0.06991802393029392
27
0.06991802393029392
0.07304809882094003
0.07044484527472998
0.07323113226302154
0.07044487134120332
0.0731863186026835
0.07335388495370514
0.07515522258083138
0.07259030230257853
0.07388074114511914
0.09793576833149993
0.09016548742834764

2022-01-23 17:34:11
训练时长0m1s使用算法: xgb
0.07127865551823644
25
0.073709163110918
0.07127865551823644
0.07310691563148224
0.07146697892179084
0.07310826894890902
0.07143170575312592
0.07377697833888144
0.07434031027014698
0.0718958049672908
0.07250722712041775
0.09320591018049605
0.08949403900247767

2022-01-23 17:59:27
训练时长0m1s使用算法: xgb
0.07141088478532184
23
0.07436855409175074
0.07226889119753054
0.07141088478532184
0.0730702319600995
0.07141197056860878
0.07302595357915444
0.07387567065138602
0.07449306747888361
0.07202988969625489
0.0788658047273947
0.09101372157197152
0.08047005614206594

2022-01-23 17:59:55
训练时长0m1s使用算法: xgb
0.0714859662778974
23
0.07347418835731485
0.07273262120967258
0.0714859662778974
0.07308793273779016
0.07148705206118434
0.0730436432975676
0.07371127904762517
0.07441246516797462
0.07259030230257853
0.07388074114511914
0.09793576833149993
0.09016548742834764

2022-01-25 11:27:39
训练时长0m3s使用算法: xgb
0.02732116653030914
3
0.0735642269539522
0.06428454933182974
0.06578558125495339
0.0642651894625042
0.06578511823488083
0.06424401036811533
0.06566669818829861
0.06418367068811336
0.06657164861218146
0.06513963766647934
0.06492251590173889
0.06396461400451076
0.06522015970122398
0.06752815872621822
0.06729116320083574
0.0612733133593864
0.06280491069321747
0.062271497906733114
0.06185188307492164
0.05733059647059321
0.06378165731920922
0.04718278417302074
0.03249639412222664
0.038280794973966234
0.02732116653030914
0.05541277632835399

2022-01-25 11:35:29
训练时长0m3s使用算法: xgb
0.02732116653030914
3
0.06351577587387634
0.0655601775109329
0.06433848421832773
0.0655673607004423
0.06433848421832773
0.06553930104322467
0.06422153097703734
0.06541213677769903
0.06516347684213197
0.0663300999706024
0.06348671542459677
0.06544865228524918
0.06516613241310232
0.06769701137457011
0.06729116320083574
0.0612733133593864
0.06280491069321747
0.062271497906733114
0.06185188307492164
0.05733059647059321
0.06378165731920922
0.04718278417302074
0.03249639412222664
0.038280794973966234
0.02732116653030914
0.05541277632835399

2022-01-25 15:16:51
训练时长0m3s使用算法: xgb
0.029543179806298257
3
0.047997526753821664
0.06469312999414867
0.0655673607004423
0.06433848421832773
0.0655673607004423
0.06433848421832773
0.06553930104322467
0.06422153097703734
0.06541213677769903
0.06516347684213197
0.0653356628485481
0.06401060178634417
0.06489053305508706
0.06770663319802765
0.06745613332117176
0.06135182823819666
0.06945491032645396
0.0714000061915262
0.06999924191786105
0.06795153451542722
0.06309678345313133
0.04789941654194573
0.034975235027285494
0.039649967879596106
0.029543179806298257
0.06191249122586722
