
2022-01-23 17:31:51
训练时长0m3s使用算法: rf
0.08651655963918932
7
0.0877841611225395
0.08843103003539232
0.09036382151195672
0.08938881222359123
0.08698504603708107
0.08811831088044164
0.08868770769395896
0.09085256491783557
0.0866293693662817
0.08728668903043098
0.08651655963918932
0.09241717512623064

2022-01-23 17:34:36
训练时长0m3s使用算法: rf
0.08639405009947469
11
0.08671322444763296
0.08818891579155874
0.08685175932739546
0.08784745172915355
0.08816993194779416
0.08967936602522963
0.08788598154519761
0.08706790189129963
0.08639405009947469
0.08667833925157797
0.08645927935506854
0.09160099417773475

2022-01-23 18:00:26
训练时长0m3s使用算法: rf
0.08394726101110694
9
0.08862733831202702
0.08774510718311457
0.08714388730404822
0.0879221899607296
0.09047245606158576
0.08554309723089137
0.08762873830254737
0.08962010122557214
0.08854104878227391
0.08394726101110694
0.0871368977847074
0.09190126963008843

2022-01-25 11:30:33
训练时长0m7s使用算法: rf
0.04720427605849573
26
0.05131969805400243
0.04720427605849573
0.05104308987863909
0.04982532134306652
0.049033882739669694
0.05263863101865652
0.048445598182422465
0.05105636273803852
0.049372450230546316
0.04829998401345442
0.05188520977998537
0.052694431703968675
0.04909107537353403
0.050833666822417224
0.05512778486317659
0.05578809935652823
0.054798918345821845
0.06001148261305195
0.06254725594110476
0.057333789869569246
0.059602641824126446
0.07676688793375647
0.08333151553424191
0.07980150989661017
0.09301599742553311
0.09380907316989141

2022-01-25 15:17:45
训练时长0m7s使用算法: rf
0.045946967294225344
23
0.048839747168974885
0.05023723858659656
0.04939520144661408
0.049707645525256604
0.045946967294225344
0.048719153271515964
0.0495003427087057
0.05191427909559293
0.05224144727103978
0.050113188347528564
0.05108285270853021
0.04973612922735227
0.04815434350262401
0.05247265932012345
0.0562092902277374
0.05248674322752561
0.05702036229824056
0.05404490874574037
0.06585281935547745
0.07047076700112571
0.07405889306276625
0.08406360967241296
0.08422085518263212
0.08060412970595664
0.09334607590570476
0.09315637509895913
