
2022-01-23 17:25:36
训练时长0m1s使用算法: ada
0.10558994660076589
15
0.12889630881014458
0.13245558420362924
0.12141012032597148
0.1375964394770942
0.1332408128605125
0.11660216677043593
0.10558994660076589
0.1221002725720539
0.12007905994860413
0.13276206607713836
0.1212730490820843
0.12318959230867126

2022-01-23 17:31:18
训练时长0m1s使用算法: ada
0.08517756915660206
11
0.09079776699668714
0.0894310635283976
0.0936542966950245
0.08842386796131492
0.09052059956910913
0.09162924553721567
0.0895224119293513
0.0880308611732432
0.08517756915660206
0.09030793245126754
0.09332468015461144
0.10299180042303953

2022-01-23 17:34:13
训练时长0m1s使用算法: ada
0.09040388354063567
25
0.09202789214788461
0.09040388354063567
0.09292501408251831
0.09420143138146653
0.09650333062736488
0.09214894870039207
0.09055478958203374
0.09152439011708337
0.09358100962971827
0.09637895410990649
0.09989753683324802
0.10119839796213642

2022-01-23 17:59:29
训练时长0m1s使用算法: ada
0.08567755568755268
21
0.09128843711582145
0.08792364571056431
0.0864781862027499
0.08567755568755268
0.09101394579462829
0.0934291909903508
0.0915595354436065
0.0886724973119083
0.0915695806306211
0.09171734538438227
0.0918381172237005
0.09771402873309669

2022-01-23 17:59:57
训练时长0m1s使用算法: ada
0.08730914730975266
13
0.08755606320579916
0.09513579596076872
0.08800748535909146
0.08960192219346515
0.09517879243446044
0.09486791050358555
0.09029578508054072
0.08730914730975266
0.09423104558911606
0.09652482331938994
0.09435422842408568
0.09690927897067049
