
2022-01-23 21:07:33
训练时长0m7s使用算法: rf
0.10214872917667751
8
0.11131106735430614
0.10940844051962861
0.11058275777218378
0.11070387040730634
0.11184534119548933
0.11282223400674907
0.10854896481669486
0.10845311098842887
0.10527381614895874
0.10545514945525337
0.11416464397381045
0.1045968347118628
0.10639673995333344
0.10750484024283447
0.11336604597039539
0.11334730079848171
0.102547746480312
0.10942803300628749
0.10243984440701558
0.10214872917667751
0.10947039691367459
0.10431155535037935
0.1056185072155341
0.11371483963805486
0.11622134605449341
0.11687928619469168
