
2022-02-08 11:25:16
训练时长0m0s使用算法: lgb
0.05991144571251741
3
0.078609416578666
0.078609416578666
0.078609416578666
0.078609416578666
0.078609416578666
0.078609416578666
0.078609416578666
0.078609416578666
0.078609416578666
0.078609416578666
0.078609416578666
0.078609416578666
0.078609416578666
0.078609416578666
0.078609416578666
0.078609416578666
0.0794204794342941
0.07823722709408544
0.07780419000623459
0.07552115065826666
0.08837011660373222
0.0894094178832545
0.08027335070003867
0.0693382642141887
0.05991144571251741
0.09707168340152995
