
2022-02-06 18:27:55
训练时长0m3s使用算法: lgb
0.16158004825250072
4
0.1629599099563382
0.1629599099563382
0.1629599099563382
0.1629599099563382
0.1629599099563382
0.1629599099563382
0.1629599099563382
0.1629599099563382
0.1629599099563382
0.16298571934104195
0.16982564842093803
0.16653038957622426
0.1673578132049595
0.17453040167698078
0.1748359166868231
0.1865606866785289
0.18715554572384355
0.19800707263082726
0.18484737178447305
0.16851473184025478
0.17629328183625867
0.17167230275030163
0.17397093844148226
0.16158004825250072
0.16683619362511082
0.16268051934838126
