
2022-02-07 09:09:58
训练时长0m3s使用算法: xgb
0.17813126969528914
6
0.3541042980836497
0.35641905176253524
0.35650215868526897
0.356459195460287
0.3552345305861431
0.353447527460893
0.35303240717669016
0.35431168289144627
0.3520060612748959
0.35528882186062766
0.3531066231394806
0.3502783924961291
0.32317349382062277
0.35292713871043696
0.3540089217838263
0.30828940127778215
0.2960485364719207
0.27774752767099314
0.3221288566461378
0.316081111280591
0.2271973479626138
0.17813126969528914
0.20792738594380192
0.20768073639526705
0.25965292600954415
0.20018527945129186
