
2022-02-08 11:26:36
训练时长0m1s使用算法: gbdt
0.11362957586027267
2
0.1450469363703564
0.14236875660939682
0.147002754418692
0.14182943082468036
0.14704290820430646
0.13567941644466552
0.1400156912736892
0.12935552740220457
0.1391814438938412
0.12824760129255808
0.13381968559741308
0.1353290668470077
0.12379646959583064
0.1340331744467841
0.13585007709523608
0.13063798068066387
0.1463635724851764
0.135418480962169
0.13795380985470004
0.1372005490571209
0.12809676778172593
0.11893004361250192
0.12949019133247247
0.1338944230163743
0.11668182961179367
0.11362957586027267
