
2022-01-23 17:21:07
训练时长0m0s使用算法: lgb
0.08282976870579228
5
0.08282976870579228
0.08282976870579228
0.08282976870579228
0.08282976870579228
0.08282976870579228
0.08282976870579228
0.08282976870579228
0.08282976870579228
0.08282976870579228
0.08282976870579228
0.08282976870579228
0.08282976870579228

2022-01-23 17:33:16
训练时长0m0s使用算法: lgb
0.08282976870579228
5
0.08282976870579228
0.08282976870579228
0.08282976870579228
0.08282976870579228
0.08282976870579228
0.08282976870579228
0.08282976870579228
0.08282976870579228
0.08282976870579228
0.08282976870579228
0.08282976870579228
0.08282976870579228

2022-01-23 17:57:04
训练时长0m0s使用算法: lgb
0.08282976870579228
5
0.08282976870579228
0.08282976870579228
0.08282976870579228
0.08282976870579228
0.08282976870579228
0.08282976870579228
0.08282976870579228
0.08282976870579228
0.08282976870579228
0.08282976870579228
0.08282976870579228
0.08282976870579228

2022-01-25 11:05:55
训练时长0m0s使用算法: lgb
0.19304422765308712
2
0.19304422765308712
0.19304422765308712
0.19304422765308712
0.19304422765308712
0.19304422765308712
0.19304422765308712
0.19304422765308712
0.19304422765308712
0.19304422765308712
0.19304422765308712
0.19304422765308712
0.19304422765308712
0.19304422765308712
0.19304422765308712
0.19304422765308712
0.19304422765308712
0.19304422765308712
0.19304422765308712
0.19304422765308712
0.19304422765308712
0.19304422765308712
0.19304422765308712
0.19304422765308712
0.19304422765308712
0.19304422765308712
0.19304422765308712

2022-01-25 11:07:58
训练时长0m0s使用算法: lgb
0.15035816400940738
3
0.16569750822712062
0.16569750822712062
0.16569750822712062
0.16569750822712062
0.16569750822712062
0.16569750822712062
0.16569750822712062
0.16569750822712062
0.16569750822712062
0.16569750822712062
0.16569750822712062
0.16569750822712062
0.16569750822712062
0.16569750822712062
0.16569750822712062
0.16569750822712062
0.16569750822712062
0.16569750822712062
0.16569750822712062
0.16569750822712062
0.16569750822712062
0.16662535089685993
0.1728121132748001
0.1685199144848691
0.15035816400940738
0.17611935579694768

2022-01-25 11:20:59
训练时长0m0s使用算法: lgb
0.06622370919241137
5
0.07253008380633724
0.07253008380633724
0.07253008380633724
0.07253008380633724
0.07253008380633724
0.07253008380633724
0.07253008380633724
0.07253008380633724
0.07253008380633724
0.07253008380633724
0.07253008380633724
0.07253008380633724
0.07253008380633724
0.07253008380633724
0.07253008380633724
0.07253008380633724
0.07253008380633724
0.07253008380633724
0.07253008380633724
0.07253008380633724
0.07253008380633724
0.07208699451695244
0.06622370919241137
0.07238763940443947
0.08106430723956709
0.10777375677063343

2022-01-25 11:23:19
训练时长0m0s使用算法: lgb
0.19304422765308712
2
0.19304422765308712
0.19304422765308712
0.19304422765308712
0.19304422765308712
0.19304422765308712
0.19304422765308712
0.19304422765308712
0.19304422765308712
0.19304422765308712
0.19304422765308712
0.19304422765308712
0.19304422765308712
0.19304422765308712
0.19304422765308712
0.19304422765308712
0.19304422765308712
0.19304422765308712
0.19304422765308712
0.19304422765308712
0.19304422765308712
0.19304422765308712
0.19304422765308712
0.19304422765308712
0.19304422765308712
0.19304422765308712
0.19304422765308712

2022-01-25 12:39:26
训练时长0m0s使用算法: lgb
0.19304422765308712
2
0.19304422765308712
0.19304422765308712
0.19304422765308712
0.19304422765308712
0.19304422765308712
0.19304422765308712
0.19304422765308712
0.19304422765308712
0.19304422765308712
0.19304422765308712
0.19304422765308712
0.19304422765308712
0.19304422765308712
0.19304422765308712
0.19304422765308712
0.19304422765308712
0.19304422765308712
0.19304422765308712
0.19304422765308712
0.19304422765308712
0.19304422765308712
0.19304422765308712
0.19304422765308712
0.19304422765308712
0.19304422765308712
0.19304422765308712

2022-01-25 15:13:34
训练时长0m0s使用算法: lgb
0.19304422765308712
2
0.19304422765308712
0.19304422765308712
0.19304422765308712
0.19304422765308712
0.19304422765308712
0.19304422765308712
0.19304422765308712
0.19304422765308712
0.19304422765308712
0.19304422765308712
0.19304422765308712
0.19304422765308712
0.19304422765308712
0.19304422765308712
0.19304422765308712
0.19304422765308712
0.19304422765308712
0.19304422765308712
0.19304422765308712
0.19304422765308712
0.19304422765308712
0.19304422765308712
0.19304422765308712
0.19304422765308712
0.19304422765308712
0.19304422765308712
