
2022-02-06 18:28:33
训练时长0m27s使用算法: xgb
0.04284784237835897
3
0.06771156744281863
0.05529973485141789
0.05632536616696412
0.055431823509703194
0.056368272745743624
0.05594895321046504
0.05566040647290965
0.052652275572367124
0.053504207173243806
0.05155550103240001
0.05144535433485629
0.058579614952105584
0.06018404764914589
0.0574018399889927
0.0585260996283466
0.05592486060445703
0.054147771547176406
0.0557128699448042
0.04932635512763387
0.05622463683596333
0.05242808523914829
0.051664230908883856
0.06107337676123999
0.06450241509920525
0.04284784237835897
0.04523765787059861
