
2022-02-08 11:26:44
训练时长0m6s使用算法: rf
0.09063643349036088
12
0.10050876457570794
0.1011196206378167
0.09856714475790317
0.10181261783253408
0.10110134198373723
0.09734279092111799
0.10063396141613219
0.10576650129775152
0.10410302610592731
0.10094800133492948
0.09883973190042322
0.10328725377123804
0.10313408034965627
0.09835885922301373
0.10093332575995545
0.09063643349036088
0.09224681693449599
0.10380965171685337
0.10146543235430332
0.09895570435196088
0.09979211089571098
0.09502846335137853
0.10376800391302025
0.09391306086933875
0.0993058009881979
0.1177374191708055
