
2022-01-23 17:31:46
训练时长0m1s使用算法: gbdt
0.08410990806712827
11
0.08972736372051522
0.08999376235694438
0.09033351665262057
0.08914683062806934
0.09031541794944259
0.08842001038690865
0.08831927857422227
0.08904237863648101
0.08410990806712827
0.08737126556939363
0.09140687747950245
0.08856925205297926

2022-01-23 17:34:31
训练时长0m0s使用算法: gbdt
0.08812951364454262
5
0.09047942734952981
0.09192900247947546
0.09182695800734549
0.09106161153664964
0.09047495858210201
0.09181993933992462
0.09162238560828095
0.09058572452752385
0.09234202112272115
0.09236157947872307
0.09168084555480054
0.08812951364454262

2022-01-23 18:00:22
训练时长0m0s使用算法: gbdt
0.08835257913369299
5
0.09051278434153616
0.09012258198198331
0.09248344483798283
0.08969536850312233
0.09115217736066822
0.09069092629553943
0.09183176600082717
0.09272427971666923
0.0928622800842636
0.09575206967821455
0.09113566001981548
0.08835257913369299

2022-01-25 11:30:25
训练时长0m1s使用算法: gbdt
0.04537661419735536
6
0.051071727011153534
0.04990888237190016
0.049738463418554396
0.0526808568019286
0.050206404414030875
0.05116802674288684
0.05372045892924862
0.050674439018082995
0.05332028786736374
0.05045799949523522
0.05012893952305968
0.05264414561167172
0.053428761034678
0.05472298637199802
0.05157410985725141
0.05243191339769101
0.05677998742597493
0.05434890048535728
0.059148466970375346
0.057041871757277256
0.05760858846861583
0.04537661419735536
0.05828442107483061
0.05373655409442921
0.04670330341487502
0.10563783238891784

2022-01-25 15:17:36
训练时长0m1s使用算法: gbdt
0.04688928625756053
6
0.04982607184720752
0.050854471180979265
0.05191037059493445
0.051139379948719164
0.05374787074294898
0.052951121702328685
0.051754290788759295
0.05313061110680825
0.054304936643602066
0.05089237062122708
0.05041191543974056
0.052625071917744494
0.05375722656177944
0.05433193021632391
0.05137263923004268
0.05254127735519503
0.056898415830095576
0.05422861791521184
0.05797942159574923
0.05465535039493056
0.055977464163854386
0.04688928625756053
0.05820934260622646
0.053800248333132926
0.046889414675856715
0.10563783238891784
