
2022-02-08 11:47:31
训练时长0m3s使用算法: xgb
0.16350548046160807
2
0.2004903855490124
0.2056458256425683
0.20285491736238961
0.20753595980746034
0.2008848173177358
0.21276663560978357
0.2126931907615819
0.2013637478460667
0.19965558672495876
0.19836248783342095
0.20395228123045028
0.20880039381509352
0.2076295597360239
0.2057206329218165
0.21832200181309705
0.20561879319330126
0.19482533733137378
0.1909755680517433
0.1919290926136997
0.21112512625289936
0.20672311965501175
0.20529646342026495
0.20033012496846617
0.2084071098328736
0.20230364002534676
0.16350548046160807
