
2022-01-23 17:21:11
训练时长0m3s使用算法: rf
0.094200879028645
17
0.09673331754052157
0.10024808975824935
0.0991036651079063
0.09560236328645322
0.10179070849750049
0.094200879028645
0.10384218344307938
0.09795689499751285
0.10098348895370658
0.1017048657946159
0.11517897237457043
0.13299996129114014

2022-01-23 17:33:20
训练时长0m3s使用算法: rf
0.0953363946955957
7
0.10187695038095908
0.0992699570921638
0.09749866985278727
0.09814900545443202
0.10098092019149903
0.10049016714185387
0.09815929293267818
0.09939940130479424
0.10071433579785932
0.10855795509082018
0.0953363946955957
0.09874466717721934

2022-01-23 17:57:07
训练时长0m3s使用算法: rf
0.07982802954346964
5
0.09869316982220516
0.10579551069129867
0.09979839786541488
0.09632258725081527
0.09606933877083444
0.09744098225077512
0.09263800608651694
0.10284600044759849
0.09819683057090427
0.10244150284201814
0.09299450331977581
0.07982802954346964

2022-01-25 11:06:01
训练时长0m6s使用算法: rf
0.09404920414078931
4
0.09911111229378305
0.09937437821502289
0.10133992415875244
0.09689552395031857
0.10434141900644413
0.09976864914820366
0.09797836480607142
0.09831834691450703
0.10047261852233513
0.09994182215709542
0.10046590596714018
0.09657315442324992
0.09756565824502061
0.09907535867338176
0.10569311813544814
0.10485043106719283
0.1054009464694338
0.09959827628316209
0.10022704388149711
0.1043573321252328
0.10477970031461248
0.10803039821882905
0.11153458629714214
0.09404920414078931
0.11310915075204903
0.11369599491600914

2022-01-25 11:08:05
训练时长0m6s使用算法: rf
0.08485760512158635
9
0.1069374148723062
0.11093766350795088
0.11175879805042878
0.10472155125090832
0.10946558934207327
0.1106713026582181
0.10537994536628621
0.10036970918846073
0.10822165500348552
0.11029886765964701
0.10922091175303901
0.10602440698854936
0.09982815929753634
0.10230545155663583
0.10333962136150587
0.10188030527982524
0.10181038678858194
0.10210345990445215
0.08485760512158635
0.08860710177405577
0.10560654609443086
0.1031148228498145
0.10647934352910664
0.12452529798904728
0.13120865916534796
0.11015800997373171

2022-01-25 11:21:06
训练时长0m6s使用算法: rf
0.03877953388156446
10
0.04198372414752976
0.042899820808546076
0.04334696332466124
0.04291008117428371
0.041591596405475474
0.041814480361221436
0.042678249788143933
0.04234713293034034
0.04346881630237806
0.042987218031018605
0.03946171229868601
0.040526808256948106
0.040971230801192714
0.03974501466158383
0.04088735322940885
0.04201198938810582
0.04094068114241687
0.03877953388156446
0.04135832054088467
0.04027547707974571
0.041611840698664915
0.04296553731138375
0.043911145818983845
0.042335658107145936
0.04818027226404636
0.061957776378643796

2022-01-25 11:23:26
训练时长0m6s使用算法: rf
0.09321499166865721
4
0.0996149601573499
0.09691777586514357
0.10062330942078244
0.10152538521780767
0.09968538365873185
0.09617268993891347
0.09937604374492943
0.09936515877707496
0.1005849450117929
0.09774395077022503
0.09484354067892871
0.10539116420641474
0.09878688363513455
0.10085452735899647
0.10564243012937656
0.09992800011380105
0.0940735905571657
0.09463849305699006
0.10077334935542846
0.09467130755800296
0.09840445969952967
0.10657104934860524
0.10701318489320695
0.09321499166865721
0.11272853784525033
0.10989486381523185

2022-01-25 12:39:33
训练时长0m6s使用算法: rf
0.09280038807340506
15
0.09924437467077761
0.09847185486073189
0.09934916258537523
0.09645417901452424
0.09735941688933297
0.09962200135215431
0.09930422809046924
0.10372065733391794
0.09857211260712288
0.09726618947453357
0.09962927879750283
0.09869866548203671
0.09280038807340506
0.09583353809673799
0.09878666697418487
0.09778424867288342
0.09502456894799423
0.09787470014465359
0.09540152731204771
0.10064144412661576
0.10597123083993042
0.10800687911584395
0.10487900994558852
0.09512514211643945
0.11395701151561836
0.11312262429275854

2022-01-25 15:13:41
训练时长0m6s使用算法: rf
0.09264171679554388
9
0.09684230339713469
0.09482027874708887
0.09907598509197073
0.09752752477211228
0.10275154086501738
0.09869393298987528
0.10041415871995829
0.10151398551976391
0.0966728036677608
0.1019090286467657
0.10130839486284231
0.10191614823032254
0.1021143426562212
0.1023288228223872
0.09692420573539474
0.10213513994811263
0.09753555972629686
0.09804414584908078
0.09264171679554388
0.09668312905064806
0.10138373519930588
0.10445281944781952
0.10416823698721013
0.09667428836581878
0.1132917806705827
0.1136969853591132
