
2022-02-08 11:46:09
训练时长0m6s使用算法: rf
0.2002459702510543
4
0.23092546669093936
0.25985511960423896
0.24710033931925093
0.2507598427657882
0.24734522881596624
0.2440532894434908
0.23478894599871433
0.25181597634606845
0.2496693642049127
0.241286330384616
0.24599735730072256
0.2409192225262641
0.24308156535218792
0.24524393074233228
0.24034331715147564
0.23004144590719555
0.2443850243200961
0.227672779737673
0.23059398371879292
0.24709763520283887
0.21564261971383666
0.2125597599870704
0.20932936275116262
0.2002459702510543
0.2328618376716383
0.2199223972405897
