
2022-01-29 14:55:22
训练时长0m2s使用算法: gbdt
0.05911077826083062
5
0.10470285427284272
0.09869561616870363
0.1114524008262477
0.11474893934947511
0.1161616611666993
0.11773059465737934
0.10669673764686809
0.11531859000822182
0.11177842276050563
0.10334400603486227
0.11636620081723127
0.1044635574116868
0.11733388969233642
0.12292128019825599
0.10681369870687223
0.1249496965057237
0.12128373308978428
0.11182267197087216
0.10155345175051768
0.0887931799539996
0.08050186456403913
0.07754634289308106
0.05911077826083062
0.06900986761906226
0.14296736578941285
0.136724981508874
