
2022-01-23 17:22:41
训练时长0m1s使用算法: xgb
0.10364595707661446
27
0.10364595707661446
0.15960443853774423
0.15559876240876533
0.1595548671645768
0.15568939985476943
0.1542442909378178
0.15666976306835503
0.15767296594858185
0.15799416765853455
0.1558760642161471
0.1192265880863015
0.15017387931433723

2022-01-23 17:33:45
训练时长0m1s使用算法: xgb
0.1192265880863015
7
0.14223777396692058
0.15510536263461974
0.15552108931030814
0.1595548671645768
0.15568939985476943
0.1542442909378178
0.15666976306835503
0.15767296594858185
0.15799416765853455
0.1558760642161471
0.1192265880863015
0.15017387931433723

2022-01-23 17:58:51
训练时长0m1s使用算法: xgb
0.10807190981999504
27
0.10807190981999504
0.15658394130990633
0.15449842658168098
0.15545821898096795
0.15423901652871524
0.15546597218887412
0.1553149174887173
0.15824370658715786
0.15827700644200773
0.1564332652977492
0.13538996802186523
0.161721070717083
