
2022-02-08 11:24:13
训练时长0m2s使用算法: ada
0.0771920323791283
9
0.09552516795603183
0.09350188758240403
0.09835184167353918
0.09274793867009579
0.08791649760745611
0.10741691007849093
0.1164365925947972
0.09197832299022947
0.1157651921329718
0.11004115546719413
0.11420253103916278
0.11886217696795083
0.09942225395035069
0.1025834300383357
0.09959031221513442
0.0981491793104814
0.10810300719273631
0.09652631144166646
0.0771920323791283
0.0945019138845156
0.14603980715023437
0.1619162122651027
0.18360487857849742
0.18967239610073397
0.18139019223879319
0.09546909668383712
