
2022-02-03 09:01:10
训练时长0m3s使用算法: ada
0.06991462783647139
10
0.08659233364728874
0.08211801814716117
0.08950807647433025
0.07400132599711622
0.0936711725082517
0.08609787342775943
0.08399789918509737
0.08868968192445083
0.08892146119245213
0.08425250374439185
0.08447325784199945
0.08821310960747546
0.08710087909810911
0.08719253948733308
0.08096938240122403
0.06991660766848935
0.07815556787476345
0.06991462783647139
0.0724162966806839
0.07444810738497042
0.07474225282728475
0.07756962459808502
0.08553056474507648
0.11384094338134139
0.12670814440115885
0.09010110129151662

2022-02-03 09:06:08
训练时长0m2s使用算法: ada
0.06523147074152481
11
0.07932922297110091
0.09447264622084062
0.07762470209725005
0.0867829499319669
0.08382268284240342
0.08607571353286571
0.09061833439921717
0.08376387563202603
0.08262782197500479
0.07785156909870804
0.09006311845968941
0.07397328584785096
0.07284955837928714
0.07720801276067815
0.07206643574908911
0.07229312217916684
0.06523147074152481
0.07042737291767198
0.0662617689985069
0.07505458261446628
0.07293797453001076
0.06663427110120936
0.09411823139256043
0.08688173375351087
0.11170032257525271
0.10215697118369736

2022-02-03 09:17:14
训练时长0m2s使用算法: ada
0.06893699075683521
22
0.08964160478820939
0.07532315771552808
0.08871627601953042
0.08499389636668969
0.07911434989500303
0.06893699075683521
0.08714603713142116
0.08976150015536076
0.08205180781687275
0.0794664874311992
0.08279120936857157
0.07853468015196129
0.07192348924134363
0.0878246203333627
0.08266478834065955
0.0817891539701244
0.07831906701202522
0.07161161073933663
0.07027213620272883
0.08523176592678657
0.07737788862684715
0.0764165140673717
0.09220201852247249
0.0747541315074332
0.12089573060938925
0.11281802606702962
