
2022-01-23 17:31:46
训练时长0m1s使用算法: gbdt
0.08410990806712827
11
0.08972736372051522
0.08999376235694438
0.09033351665262057
0.08914683062806934
0.09031541794944259
0.08842001038690865
0.08831927857422227
0.08904237863648101
0.08410990806712827
0.08737126556939363
0.09140687747950245
0.08856925205297926

2022-01-23 17:34:31
训练时长0m0s使用算法: gbdt
0.08812951364454262
5
0.09047942734952981
0.09192900247947546
0.09182695800734549
0.09106161153664964
0.09047495858210201
0.09181993933992462
0.09162238560828095
0.09058572452752385
0.09234202112272115
0.09236157947872307
0.09168084555480054
0.08812951364454262

2022-01-23 18:00:22
训练时长0m0s使用算法: gbdt
0.08835257913369299
5
0.09051278434153616
0.09012258198198331
0.09248344483798283
0.08969536850312233
0.09115217736066822
0.09069092629553943
0.09183176600082717
0.09272427971666923
0.0928622800842636
0.09575206967821455
0.09113566001981548
0.08835257913369299
