
2022-01-23 17:21:06
训练时长0m0s使用算法: gbdt
0.10957947275825697
21
0.1131042984516173
0.1097617698393914
0.11259639930055747
0.10957947275825697
0.11198890759320783
0.12583499676063162
0.1181131365610157
0.11754781365824972
0.11426930760752509
0.12715694353218168
0.1441670739655527
0.12779751570178838

2022-01-23 17:33:16
训练时长0m0s使用算法: gbdt
0.10954666832317646
23
0.11739983930673863
0.11519996010033966
0.10954666832317646
0.11355140275983489
0.12068772830447712
0.11168061990565847
0.11384463962586326
0.1281611489378969
0.1283774298703303
0.12431770603144325
0.12963064465394816
0.12832853644676115

2022-01-23 17:57:03
训练时长0m0s使用算法: gbdt
0.1063888003726517
21
0.11944370660972964
0.11339864179264891
0.11314332205663104
0.1063888003726517
0.11521849601159913
0.11624043241230027
0.1181684044341952
0.11667770760015855
0.13179829595485734
0.12662619458218793
0.132096464342377
0.14395857306093393
