
2022-01-23 21:04:38
训练时长0m3s使用算法: ada
0.0966362464739392
8
0.11503215905094344
0.1161645316971871
0.11443061124164838
0.11434147440591291
0.11353126596743594
0.10958337227994659
0.1015958790585761
0.11027434329056629
0.10735844859110506
0.11647856978674447
0.11406944536614648
0.10967531350380337
0.12018911516677709
0.11744462995762667
0.117421163960165
0.11435864369953348
0.11607100334922672
0.11232185454475724
0.10519437568800301
0.0966362464739392
0.1068630182303495
0.10262020152218486
0.10568031682573058
0.1015296224301412
0.09796627982313527
0.1226669798220074
