
2022-02-08 11:25:26
训练时长0m3s使用算法: xgb
0.045735741194429795
2
0.12709104947192762
0.07789993835229227
0.12842623794892266
0.0746760082929452
0.12842623794892266
0.07470230172437559
0.12383755733600671
0.0699403238137963
0.1256542169256596
0.07091261813145959
0.1270384420743697
0.07903662270538973
0.10340257168452897
0.07975621939814892
0.10361228897490654
0.08184465667679265
0.09414886807439919
0.06877515012655153
0.09347121311966551
0.06276523575914729
0.08183694229063174
0.058413716346377494
0.05741571787734723
0.06936255812923194
0.07735692238262758
0.045735741194429795
