
2022-01-23 21:04:33
训练时长0m1s使用算法: gbdt
0.09714347063430091
11
0.11212684917495132
0.11120182224009033
0.1139422383581641
0.11191190685594497
0.11318826968278994
0.11254669390627721
0.11326924879088474
0.11250670259200028
0.110785773839913
0.10628818521432805
0.10733231105475254
0.11039062247049396
0.10847425119825321
0.1057919713100751
0.11095168709293919
0.10641102800433401
0.09714347063430091
0.09735284809484161
0.10170933921926513
0.09818715345439943
0.09948327716932637
0.10749151103511649
0.10984197002496887
0.10681024185947578
0.11381405328001208
0.1205029930858888
