
2022-01-23 21:07:23
训练时长2m42s使用算法: xgb
0.09324002797295712
2
0.09399289570070381
0.09912732527873432
0.09692135849484544
0.10156574917093837
0.09833841883340805
0.10156574917093837
0.10145792572079888
0.10155430393541237
0.0984151764849125
0.10212228407370856
0.10405436836566377
0.10092119114921182
0.10427680127934937
0.1036909181841114
0.10046448887363048
0.10296050306013431
0.10102131521871942
0.1017788443330062
0.10473560358519461
0.11012444195272515
0.11425398057191234
0.10921854440135446
0.10083362310439409
0.11593667350838271
0.09624327869020838
0.09324002797295712
