
2022-02-08 11:46:02
训练时长0m1s使用算法: gbdt
0.14769800662422686
12
0.16849348484906956
0.16472955912664244
0.1627592315631117
0.16107273682651288
0.162153053076902
0.16372189546071808
0.16333763993786451
0.16741677313040948
0.17795694903778006
0.16851349455487372
0.16517550378587476
0.1552646369406994
0.16021002180785407
0.1539123604087105
0.16258032288842095
0.14769800662422686
0.15686052996057687
0.1587215267415404
0.17512447519622357
0.169502701373044
0.1647706370867486
0.16384666826382654
0.1695457002288875
0.18396941367021222
0.18946615808207412
0.18150386059979454
