
2022-02-06 18:28:04
训练时长0m3s使用算法: ada
0.05795525971253945
3
0.09255858693057557
0.0905118058954335
0.08845109134095104
0.09269045692331607
0.09052200597544839
0.090628569272774
0.08657966193240402
0.08612662580604934
0.08443381042826513
0.08879610298774411
0.08594632556927484
0.08662554549675361
0.09106563867046319
0.08787757209663061
0.08961517207070004
0.09001422322857137
0.08392768773332022
0.08758444116988362
0.0830196584359049
0.09051822241983236
0.07593314186117676
0.07386962332793091
0.07730486795784143
0.08061566242289465
0.05795525971253945
0.1428387034924644
