
2022-02-23 18:34:43
训练时长0m0s使用算法: lgb
0.2651465097699875
2
0.2651465097699875
0.2651465097699875
0.2651465097699875
0.2651465097699875
0.2651465097699875
0.2651465097699875
0.2651465097699875
0.2651465097699875
0.2651465097699875
0.2651465097699875
0.2651465097699875
0.2651465097699875
0.2651465097699875
0.2651465097699875
0.2651465097699875
0.2651465097699875
0.2651465097699875
0.2651465097699875
0.2651465097699875
0.2651465097699875
0.2651465097699875
0.2651465097699875
0.2651465097699875
0.2651465097699875
0.2651465097699875
0.2651465097699875
0.2651465097699875
