
2022-02-08 11:48:49
训练时长0m6s使用算法: rf
0.14011243156813527
4
0.19130299606135862
0.19175368393739944
0.18634025505607146
0.19569172085459932
0.19014738897116504
0.18195571745739048
0.18430262396082844
0.18847841612222704
0.18014650661312412
0.18550374844552883
0.18128939588034643
0.18988121448966924
0.19530090201540665
0.18327077313166995
0.19108143075577488
0.18419457440538115
0.19558349374451048
0.1791967763975029
0.17345829154571957
0.16880940394755314
0.177559111970944
0.15304707141919113
0.1480383027119938
0.14011243156813527
0.20307930060234713
0.20720536314116747
