
2022-01-23 17:22:39
训练时长0m3s使用算法: rf
0.08056543408181326
15
0.08823779523887626
0.08497818369979555
0.08373755615038087
0.086222125651554
0.08756564669400059
0.08065360085821575
0.08056543408181326
0.08474487074333965
0.08503316293523348
0.08502371223132325
0.0923539988968487
0.09384771756995121

2022-01-23 17:33:43
训练时长0m3s使用算法: rf
0.07969564522476442
15
0.08535898217433006
0.08769422356134983
0.08324614386486268
0.08298497866505418
0.08358635276357544
0.08449206105752148
0.07969564522476442
0.08695201916749722
0.0856019643822599
0.08233802012121735
0.08977856278579743
0.09210257046397524

2022-01-23 17:58:49
训练时长0m3s使用算法: rf
0.0802116734450432
19
0.0912452701762168
0.08596770437120653
0.08449927206723316
0.08797953559050364
0.0802116734450432
0.08138937149457985
0.08153244246348221
0.08146793465313934
0.0906256730911496
0.09153485718884201
0.08989465805148106
0.0952550014712109
