
2022-01-23 17:31:53
训练时长0m2s使用算法: xgb
0.08555249195777355
25
0.0868153921917895
0.08555249195777355
0.08682956998267273
0.08611535263882719
0.08682956998267273
0.08611388925696135
0.0879131416644698
0.08585330631759754
0.09548614444172343
0.09785034080294598
0.08873218120096653
0.12172575816642243

2022-01-23 17:34:38
训练时长0m2s使用算法: xgb
0.0857990805970773
19
0.08718680161874286
0.08661901814415167
0.0857990805970773
0.0868066071085855
0.0857990805970773
0.08680611326879883
0.08697260005343577
0.08659744294514164
0.09520713957274647
0.09785034080294598
0.08873218120096653
0.12172575816642243

2022-01-23 18:00:29
训练时长0m2s使用算法: xgb
0.08585330631759754
13
0.08802439930923207
0.08623391422509143
0.08675986325251166
0.08611178540112206
0.08675986325251166
0.08611063472018536
0.0879131416644698
0.08585330631759754
0.09548614444172343
0.09785034080294598
0.08873218120096653
0.12172575816642243

2022-01-25 11:30:37
训练时长0m3s使用算法: xgb
0.04783652273851724
2
0.07233959124146414
0.08068055292866681
0.08077086728424869
0.0806586230275778
0.08077086728424869
0.0806586230275778
0.08077086728424869
0.0806586230275778
0.08080109260299827
0.08055996884214005
0.0806181858209556
0.08435432412045672
0.08529413069716374
0.0835569897686828
0.08328841986776696
0.08338017219771411
0.08558454367477973
0.08200031265404828
0.08285405070297368
0.07728699161060486
0.07770666758154177
0.07659989154499078
0.061341552911543695
0.06262009891409584
0.05423160045007588
0.04783652273851724

2022-01-25 15:17:49
训练时长0m4s使用算法: xgb
0.054197702046786485
2
0.08055025486560861
0.08005311386851817
0.08044474189861457
0.08044474189861457
0.08044474189861457
0.08044474189861457
0.08044474189861457
0.08044474189861457
0.08048070088581454
0.08062053051258089
0.08001368270825654
0.07881573038054591
0.08160536226667213
0.08130317047592718
0.08674319318525608
0.08574644963135337
0.08593853012215201
0.08810386132659447
0.08426499215891085
0.07753266564444351
0.07880057665884817
0.07492497221886173
0.06030983431296317
0.06653524890780489
0.05577616075669106
0.054197702046786485
