
2022-02-08 11:48:41
训练时长0m1s使用算法: gbdt
0.15173823352552532
5
0.19059348577697058
0.1818487268072505
0.18767374288271763
0.18398678755491657
0.18523831732658114
0.18567981411114484
0.18427348916460964
0.1815751891324322
0.18539306876713305
0.17949294115540845
0.18386387197630616
0.18566105009465683
0.18972193021812944
0.17259771393104206
0.17742722824139304
0.18430023678002672
0.18560663559040966
0.19868673403594175
0.20620040923598762
0.18925154958103083
0.15794230971553588
0.1613997142706698
0.15173823352552532
0.19907975010779308
0.19859631122439225
0.2919121468236751
