
2022-02-08 11:46:12
训练时长0m2s使用算法: xgb
0.15050431648782675
4
0.18235469751053093
0.17510896185722644
0.1810566611497466
0.21751077963069973
0.2235948737401584
0.17461014271768416
0.18109734622391283
0.21730913701730895
0.22352661741762403
0.17430789476627517
0.1765564939239782
0.22218304416959347
0.2203188372860904
0.2249919665860121
0.2056086868761112
0.21401255929664045
0.21459878039798605
0.2145822155754992
0.21737807516843036
0.22636345979179542
0.21341510894344892
0.16452315064543652
0.15856642946604757
0.15050431648782675
0.18182303416607581
0.20826316750281423
