
2022-02-08 11:26:48
训练时长0m3s使用算法: xgb
0.07050817149667972
7
0.10866480051360237
0.09546917347659149
0.09710364128452426
0.09710354555183465
0.09709876580798622
0.09616383771955132
0.09781470815181638
0.09594364409816088
0.09880870792303276
0.10280563971601124
0.10735465816803628
0.10371843997288416
0.08373040896327387
0.08501884680396453
0.0779981191707263
0.075989039042456
0.08459812201159549
0.08781252299096916
0.08634136789455822
0.07604722700179069
0.07050817149667972
0.0737628773568349
0.09110200758152391
0.11394463516757243
0.15341319970102993
0.16798041806026395
