
2022-02-07 10:44:46
训练时长0m3s使用算法: xgb
0.04937803016219819
2
0.08404802870529687
0.0824787599798438
0.08133437103337973
0.08173828021348448
0.08136721831814188
0.0828494685789937
0.08119761876154619
0.0818545042106991
0.08139922502837921
0.08128312261677767
0.08562312687581308
0.08618021547486122
0.08539757923083267
0.07665299699164999
0.08092890415880388
0.0801467790095473
0.07897058077427575
0.08223029132003684
0.07885865733609856
0.07504488262671617
0.08802999842492844
0.10006889308513262
0.09927891575027642
0.10094024659393651
0.07715428373947096
0.04937803016219819
