
2022-02-23 18:35:13
训练时长0m19s使用算法: xgb
0.12059264789636553
6
0.2683611795616358
0.16420438204122237
0.1631961755116384
0.16188493219544267
0.1631961755116384
0.16188493219544267
0.1631961755116384
0.16188493219544267
0.1631961755116384
0.16188493219544267
0.16319587392270116
0.16188349954428916
0.16313608863979281
0.16208091825321702
0.1632141704820551
0.15366518363026582
0.16622001576965792
0.15220122143282946
0.17119583227242385
0.14516031142507843
0.14160082905705507
0.13105977358355422
0.12059264789636553
0.13203930678781547
0.1571423758746062
0.1370234857254273
0.23093775228049407
