
2022-01-23 17:22:43
训练时长0m1s使用算法: ada
0.10469882016505977
17
0.1173443076594914
0.12480417363911382
0.11845107090154822
0.11581710183968623
0.11011118470945024
0.10469882016505977
0.11710108611938981
0.12662688875774603
0.11872166846646438
0.12352762860035611
0.11991285080709257
0.11726781276214769

2022-01-23 17:33:47
训练时长0m1s使用算法: ada
0.09495554482710829
13
0.11425106535790723
0.1298489863540873
0.1159519153126498
0.10462903439572184
0.12031353809689155
0.11208691734359832
0.11256255430340496
0.09495554482710829
0.12304945603388329
0.1130544857694097
0.12309543681990232
0.1281725724786552

2022-01-23 17:58:52
训练时长0m1s使用算法: ada
0.10449611174610969
11
0.10451118430365906
0.117518363030579
0.10914649431138705
0.11269387612259944
0.12408862959879578
0.10746102265636633
0.10944452758353289
0.1259813767208448
0.10449611174610969
0.11762257739520614
0.1426338363306975
0.12864760423978694
