
2022-01-23 17:22:41
训练时长0m1s使用算法: xgb
0.10364595707661446
27
0.10364595707661446
0.15960443853774423
0.15559876240876533
0.1595548671645768
0.15568939985476943
0.1542442909378178
0.15666976306835503
0.15767296594858185
0.15799416765853455
0.1558760642161471
0.1192265880863015
0.15017387931433723

2022-01-23 17:33:45
训练时长0m1s使用算法: xgb
0.1192265880863015
7
0.14223777396692058
0.15510536263461974
0.15552108931030814
0.1595548671645768
0.15568939985476943
0.1542442909378178
0.15666976306835503
0.15767296594858185
0.15799416765853455
0.1558760642161471
0.1192265880863015
0.15017387931433723

2022-01-23 17:58:51
训练时长0m1s使用算法: xgb
0.10807190981999504
27
0.10807190981999504
0.15658394130990633
0.15449842658168098
0.15545821898096795
0.15423901652871524
0.15546597218887412
0.1553149174887173
0.15824370658715786
0.15827700644200773
0.1564332652977492
0.13538996802186523
0.161721070717083

2022-01-25 11:09:53
训练时长0m3s使用算法: xgb
0.08522647054253489
5
0.09803690448461318
0.09755732421106379
0.09605913514885905
0.09615603064848817
0.09608079498766205
0.09615667798225476
0.09608079498766205
0.09614543247278852
0.09609345614611382
0.09597578840157202
0.09505241466539306
0.10118413567848276
0.09697702675579566
0.09659394797389076
0.09926510875895896
0.0993301749685531
0.09058116330285236
0.09786053922705551
0.09332327571215877
0.09116051487718763
0.08809463031247296
0.09342815355694296
0.08522647054253489
0.09657735345470102
0.09669021599901322
0.09547166106230669

2022-01-25 11:25:31
训练时长0m3s使用算法: xgb
0.03438452702490597
2
0.06245883746766948
0.05922505234830328
0.05907069083239284
0.05907069083239284
0.05907069083239284
0.05907069083239284
0.05907069083239284
0.05907439352473806
0.059125754775721066
0.06009554398743153
0.06039475595061974
0.05883186451334551
0.06096746814022925
0.06171981342555085
0.06260898996300038
0.06262132319662114
0.06541987317721297
0.06575865675398446
0.07006611482730725
0.07114518857496001
0.06552173845458004
0.06041788613506461
0.05814646888961828
0.057882608020911226
0.056354090517263124
0.03438452702490597

2022-01-25 12:37:49
训练时长0m3s使用算法: xgb
0.034363179675342075
2
0.06267519025958744
0.061146552318397863
0.059234738030458735
0.059234738030458735
0.059234738030458735
0.059234738030458735
0.059234738030458735
0.059239781735849255
0.059290521833360865
0.06011595328688149
0.06039593041499
0.05913965164243556
0.06173561029048058
0.06171969496083057
0.06268807209684246
0.06262173308961781
0.06545007547679806
0.06609287255030792
0.07153884987945183
0.07075289456931283
0.06515167024359472
0.06466030370813412
0.05393128375026435
0.054075391301334756
0.05649526971971144
0.034363179675342075

2022-01-25 15:15:57
训练时长0m3s使用算法: xgb
0.03438452702490597
2
0.06080870914673778
0.05960014658842111
0.05907069083239284
0.05907069083239284
0.05907069083239284
0.05907069083239284
0.05907069083239284
0.05907439352473806
0.059125754775721066
0.06009554398743153
0.06039475595061974
0.05883186451334551
0.06096746814022925
0.06171981342555085
0.06260898996300038
0.06262132319662114
0.06541987317721297
0.06575865675398446
0.07006611482730725
0.07114518857496001
0.06552173845458004
0.06041788613506461
0.05814646888961828
0.057882608020911226
0.056354090517263124
0.03438452702490597
