
2022-02-07 09:07:13
训练时长0m2s使用算法: ada
0.14039827268646501
5
0.17556982419660125
0.15541017381026645
0.20031443867375476
0.19743850207670413
0.18373023189553697
0.1742992253815241
0.1835690683832555
0.17109409592331956
0.1581793896014421
0.15350813609052205
0.17296732785531443
0.14974226470435303
0.17665219042604574
0.17771902385364302
0.180737076453629
0.17283468700474203
0.18894805774033066
0.17581053800959653
0.1508483668451901
0.14867152652916912
0.16626339917710878
0.15022336006041234
0.14039827268646501
0.15489254596899676
0.19717471510987414
0.2142040801311681
