
2022-02-07 09:10:01
训练时长0m3s使用算法: ada
0.2094291198321466
13
0.23018192857389433
0.23836995672097983
0.22570846847462053
0.23928855597269535
0.23336445857583477
0.25403255759428567
0.25388121269769265
0.22704533436728727
0.2257533488651132
0.22569653182271945
0.22311227370982908
0.2180484533237279
0.21553711401549278
0.21756063230860864
0.2094291198321466
0.21167502198589597
0.22944469170175666
0.2124129866795582
0.22587140461149557
0.22437544063414647
0.2139080845255732
0.24367217088664192
0.21783344133956736
0.23308206832618705
0.27349783894578944
0.4073478221024072
