
2022-02-23 18:34:52
训练时长0m3s使用算法: ada
0.18352911792775575
2
0.2580124753405162
0.28249304911160844
0.2560889351856961
0.2601975145131382
0.23260089826920735
0.22732121980253142
0.25034813299831
0.26099054112400494
0.24893512884940408
0.285331471741763
0.2619970047095846
0.27131514943986085
0.25567554371042367
0.24593026541229193
0.26260660444094835
0.2573974369791637
0.23821875154514172
0.24399312887335556
0.24991907679765035
0.2487012866718649
0.24195944742564238
0.2399183848529284
0.23144467401851046
0.2369352004189613
0.1974185485835582
0.24345824733813323
0.18352911792775575
