
2022-02-03 09:02:19
训练时长0m0s使用算法: lgb
0.274229920230916
2
0.27911510696112085
0.27911510696112085
0.27911510696112085
0.27911510696112085
0.27911510696112085
0.27911510696112085
0.27911510696112085
0.27911510696112085
0.27911510696112085
0.27911510696112085
0.27911510696112085
0.27911510696112085
0.28089413599530894
0.28945610523091336
0.29169336865272805
0.2835744264726694
0.29192016459328657
0.30453822129169267
0.32700618516437635
0.341757423847824
0.34059598899443205
0.3543923282946226
0.328070750904125
0.3082432792811197
0.2917453436119404
0.274229920230916

2022-02-03 09:07:14
训练时长0m0s使用算法: lgb
0.274229920230916
2
0.27911510696112085
0.27911510696112085
0.27911510696112085
0.27911510696112085
0.27911510696112085
0.27911510696112085
0.27911510696112085
0.27911510696112085
0.27911510696112085
0.27911510696112085
0.27911510696112085
0.27911510696112085
0.28299407401631205
0.2865728587666016
0.29169336865272805
0.2835744264726694
0.29192016459328657
0.30453822129169267
0.32700618516437635
0.341757423847824
0.34059598899443205
0.3543923282946226
0.328070750904125
0.3082432792811197
0.2917453436119404
0.274229920230916

2022-02-03 09:18:24
训练时长0m0s使用算法: lgb
0.274229920230916
2
0.27911510696112085
0.27911510696112085
0.27911510696112085
0.27911510696112085
0.27911510696112085
0.27911510696112085
0.27911510696112085
0.27911510696112085
0.27911510696112085
0.27911510696112085
0.27911510696112085
0.27911510696112085
0.28089413599530894
0.28945610523091336
0.29169336865272805
0.2835744264726694
0.29192016459328657
0.30453822129169267
0.32700618516437635
0.341757423847824
0.34059598899443205
0.3543923282946226
0.328070750904125
0.3082432792811197
0.2917453436119404
0.274229920230916
