
2022-02-03 09:01:06
训练时长0m3s使用算法: xgb
0.06147191552026215
7
0.08019276215776329
0.08493933975279162
0.07782572461963652
0.0824947450346615
0.0780576964917099
0.08226635305034549
0.07795632719107543
0.08280294166022616
0.07481779444516153
0.07744265933134724
0.08108867870910544
0.08158995573252843
0.07837189201766787
0.06664556234371087
0.0672363384404982
0.0619828420152404
0.06482870568903112
0.07109708783417082
0.07219884426122375
0.07066961389040542
0.06147191552026215
0.07732476258620359
0.0835989549971194
0.10057869170208526
0.10281304848169966
0.10150013871616644

2022-02-03 09:06:05
训练时长0m3s使用算法: xgb
0.09082448730471054
13
0.10115864476664581
0.09716015561758302
0.10023671799510497
0.09708826527605104
0.1012666877599994
0.09625622732567589
0.10067058155835246
0.10162685954239063
0.09920519312061786
0.09510536954307215
0.09515042610928243
0.09604410336642373
0.09707587099449377
0.09481546458920469
0.09082448730471054
0.0945371741317354
0.09394472445075368
0.09218776092349795
0.09479495105029784
0.09554712544957962
0.11317760832291257
0.10878498351558386
0.10433674431022917
0.10057869170208526
0.10167174052582843
0.0986351785678179

2022-02-03 09:17:11
训练时长0m3s使用算法: xgb
0.0742830552360447
4
0.10201134978616411
0.10016162114105116
0.09601598449863842
0.10129820500499127
0.09787119642996583
0.1002016816502392
0.09648656815594374
0.10167700296091352
0.09920668513453107
0.09514544757639475
0.09515042610928243
0.07497549964578419
0.07601526819992045
0.09486969104912606
0.09082448730471054
0.0945371741317354
0.09394472445075368
0.09218776092349795
0.09479584106156896
0.09554712544957962
0.09207928442296803
0.09301060725356917
0.08522632573575158
0.0742830552360447
0.08642601140843838
0.0986351785678179
