
2022-02-03 09:09:11
训练时长0m4s使用算法: xgb
0.07372588300050169
3
0.16925859273139196
0.165555801969246
0.16330459156401783
0.16556519735326025
0.16351872721059799
0.16622037976644816
0.16373700747062744
0.1638028707654513
0.1610467473201224
0.1624750279334673
0.15927421554343124
0.16039038911387402
0.14890386390862537
0.15950951689933407
0.15513821819346188
0.15526397222370486
0.15925562734158297
0.15290602384962945
0.16916725444899647
0.17377593427728577
0.16229508228323258
0.18798065692153476
0.14504973108593455
0.09155885546678118
0.07372588300050169
0.0781150641851478

2022-02-03 09:20:07
训练时长0m4s使用算法: xgb
0.07372588300050169
3
0.1686402076720026
0.1652787158889233
0.16349921959744956
0.1655680704870838
0.16343258984711412
0.16623685256334847
0.16370543648650265
0.16375612811064938
0.16138468330618647
0.16252147037734513
0.15926493995556854
0.16611620144095848
0.14889880907517095
0.15950951689933407
0.15513821819346188
0.15526397222370486
0.15925562734158297
0.15290602384962945
0.16916725444899647
0.17377593427728577
0.16229508228323258
0.18798065692153476
0.14504973108593455
0.09155885546678118
0.07372588300050169
0.0781150641851478
