
2022-02-07 09:09:46
训练时长0m1s使用算法: gbdt
0.36264543232358587
6
0.40968595359366605
0.41056684013428674
0.4084249309768572
0.40824959604192723
0.40430807569629273
0.4020209826093717
0.4058362299203378
0.40573787229689384
0.40236500291131266
0.40290442367470886
0.42319195280274924
0.4325811298603955
0.42702108152455676
0.42440416771929756
0.4237945487078892
0.41081565035808293
0.4100184121454807
0.4104744905837912
0.401016358998374
0.3993460359111885
0.40785025720923546
0.36264543232358587
0.3989957931876929
0.3819010450056806
0.40181415621929295
0.5188362787017197
