
2022-02-03 09:00:55
训练时长0m1s使用算法: gbdt
0.06356826528566327
3
0.09526709926185307
0.09412142837495392
0.09616547603101233
0.09233274116402829
0.09351819519542713
0.09228858748783186
0.0945455634515065
0.09277574228882969
0.09084635773483178
0.09355067814683772
0.09272442722767811
0.09351883312440372
0.09553285899681178
0.09190501585558053
0.09273930089907621
0.0938295203026213
0.09367456787750533
0.09350549559054576
0.09431093613971414
0.09558443490268874
0.10162726848926966
0.09534707403759422
0.08938479492452715
0.08574409056839945
0.06356826528566327
0.0986257282160103

2022-02-03 09:05:53
训练时长0m1s使用算法: gbdt
0.06335496711071444
3
0.09548110555968138
0.09724383996769677
0.09672282774694858
0.09356420376141572
0.09483018729819297
0.09433669191896098
0.09446957838638352
0.0935692394641985
0.09507774445720978
0.09421790369049217
0.09641421835812596
0.09713512742409956
0.09736777558990972
0.09933522573415775
0.09975772347020899
0.09593950530611499
0.0930144849077532
0.09999834017801668
0.09858572106883719
0.0973690969168029
0.09261734121443095
0.09880223652139708
0.09081146144985015
0.08780199362551057
0.06335496711071444
0.0986257282160103

2022-02-03 09:16:59
训练时长0m1s使用算法: gbdt
0.06325613357881224
3
0.09406449710544786
0.09627601104423822
0.09643216513547324
0.0928087505643107
0.09438052299558101
0.09300418585293797
0.09233559464180396
0.09210701747408591
0.09286853693333658
0.0924711590067624
0.09702146192028101
0.0931060087832813
0.09351145470670025
0.09211112369127755
0.09534078928688494
0.09584056054545531
0.09675643162296439
0.09599753228065927
0.0956183124285646
0.09606884865824962
0.09459791124932805
0.09519428559576305
0.09024631877059387
0.08751821310420449
0.06325613357881224
0.0986257282160103
