
2022-01-23 17:22:35
训练时长0m0s使用算法: gbdt
0.07749709381158647
9
0.08415987531940859
0.08194095377295406
0.08378163716643929
0.08624213308592586
0.08376536173347628
0.0857765077347351
0.08447814338887905
0.08502017071342725
0.08374831003966805
0.07749709381158647
0.09263483786342204
0.09356535137848505

2022-01-23 17:33:39
训练时长0m0s使用算法: gbdt
0.07522203008392853
9
0.08053657281584614
0.0849084633865164
0.08359729908642384
0.08661585185933017
0.08642135199612948
0.08186826255512696
0.0848076496495222
0.08599442552370412
0.07998171245166757
0.07522203008392853
0.09600370948612481
0.09516535031784405

2022-01-23 17:58:44
训练时长0m0s使用算法: gbdt
0.07567267529540461
13
0.08471321121651186
0.08683983756555617
0.0831403166028755
0.08297549413816331
0.08608705427415779
0.08345367976151354
0.08432302447666269
0.07567267529540461
0.0770050430473645
0.07607260737867505
0.09426210230999792
0.09389561726969793
