
2022-02-03 09:02:32
训练时长0m2s使用算法: ada
0.0692655678614815
6
0.11376525366637014
0.10233031731956192
0.11412419444905203
0.1073699117635311
0.10297359020435816
0.09538100581561888
0.10726118124932782
0.11487839097041108
0.11419745367561296
0.10379330896102873
0.10231029762634945
0.09884342303231246
0.11822683073052387
0.09131053656126946
0.10627279519991277
0.10383699514401629
0.10034487312564122
0.10503138934745453
0.0986984145412144
0.09346644615258314
0.09323939664439727
0.0692655678614815
0.08448140080158396
0.125308020072733
0.11324115808589306
0.07119078669833682

2022-02-03 09:07:29
训练时长0m3s使用算法: ada
0.08341164926933109
8
0.11195731222637822
0.10655784630905096
0.10801541061340603
0.09482863719553768
0.11493362233009452
0.10113440098083903
0.09756101474994583
0.09985714141024078
0.08667487997878894
0.10210851357189331
0.10871874036925346
0.11141857483189183
0.10100717616332518
0.0953789783894412
0.11502923954641626
0.10217823878381267
0.09991742188518243
0.10568659074919723
0.09389953005222078
0.08341164926933109
0.1262170168096979
0.12980847116048036
0.12022625162224576
0.0987599829207171
0.09111392909405124
0.08834550185124034

2022-02-03 09:18:38
训练时长0m2s使用算法: ada
0.07982738355712428
2
0.09738265870934665
0.11023013408709897
0.11306634721172835
0.10353851961889787
0.11398931659989532
0.11447837000939949
0.09865058647538527
0.11877742118527919
0.10546624110895325
0.10632721179641519
0.09099408992143414
0.09984654476888884
0.10999300124892963
0.10847506695803365
0.1080998492253598
0.0978955954231504
0.1067916554846084
0.11491692429666349
0.10449104302857849
0.11248051296312771
0.11068159258048614
0.11408558980090357
0.12659708095696556
0.12582459947733335
0.11019413663527422
0.07982738355712428
