
2022-02-07 10:43:49
训练时长0m2s使用算法: ada
0.08967367673727661
10
0.11314523921718778
0.10676821899126998
0.10132376571107098
0.11523259829611225
0.10633910014667129
0.12354485044364384
0.11584769350223656
0.12392694351074503
0.09463800308397906
0.11360270136464652
0.11639403609065453
0.10756164660718089
0.11464599039730577
0.11299997679751173
0.12862180621189545
0.10520402076461237
0.1281667487151196
0.08967367673727661
0.09880088917077197
0.08991387004534791
0.11731130252952415
0.10780542673345962
0.12270897469609947
0.09720259447552183
0.10114933452752045
0.14694223466719003
