
2022-01-25 02:57:49
训练时长0m4s使用算法: lgb
0.1493599288895902
4
0.16910285446079665
0.16910285446079665
0.16910285446079665
0.16910285446079665
0.16910285446079665
0.16860473553382074
0.16875767380240755
0.16891144279844625
0.16814930234810407
0.17105735326190227
0.17797458379849437
0.17912432292406613
0.1791262937598741
0.1757289145416253
0.17156774615093048
0.17181698844650828
0.17523637155711894
0.169752279279733
0.1713367486996428
0.20152403765908275
0.21320383150550867
0.17785327169607576
0.16097248396337263
0.1493599288895902
0.20724076534849215
0.17148852579119542
