
2022-01-23 17:25:28
训练时长0m0s使用算法: gbdt
0.12171477135336055
17
0.12548032181854177
0.1235272390224136
0.12520966792070035
0.12499806210446884
0.12293561779970215
0.12171477135336055
0.1234550793591938
0.12259295581792551
0.13459765681819458
0.14542335358949923
0.13527338282797108
0.15377882557603287

2022-01-23 17:31:10
训练时长0m0s使用算法: gbdt
0.07360079335579424
17
0.07789118596981832
0.07584742773425705
0.07655391158398599
0.07540804023247659
0.07594411683762671
0.07360079335579424
0.07860386488324682
0.07813724085328623
0.07744798961891325
0.08208979871291854
0.07603803113972692
0.09459052962597303

2022-01-23 17:34:05
训练时长0m0s使用算法: gbdt
0.07444884212022186
17
0.07620830538030736
0.07725519814595498
0.07697540258999003
0.0772334615856019
0.07727907837815767
0.07444884212022186
0.07529205020334702
0.07735224763744478
0.07706008167875429
0.08059483909883404
0.07543166882862469
0.09384873383900096

2022-01-23 17:59:21
训练时长0m0s使用算法: gbdt
0.0729370899737621
19
0.0763735045071375
0.07633405349943678
0.07811994644588038
0.07641118821518723
0.0729370899737621
0.07602242297645255
0.07718458068406064
0.07683245479648865
0.0792482808856857
0.08251043301531298
0.07614802711511837
0.09369500664394075

2022-01-23 17:59:49
训练时长0m0s使用算法: gbdt
0.07424469263252363
17
0.07698187825054989
0.07602343440438385
0.0756277956704413
0.07601577133065697
0.0773752645579903
0.07424469263252363
0.07592171444310508
0.07626903872576285
0.0778398831249109
0.07776652209685324
0.08239450407192118
0.08888874105936802
