
2022-01-23 21:04:29
训练时长0m18s使用算法: lgb
0.16750570416755148
2
0.16750570416755148
0.16750570416755148
0.16750570416755148
0.16750570416755148
0.16750570416755148
0.16750570416755148
0.16750570416755148
0.16750570416755148
0.16750570416755148
0.16750570416755148
0.16750570416755148
0.16750570416755148
0.16750570416755148
0.16750570416755148
0.16750570416755148
0.16750570416755148
0.16750570416755148
0.16750570416755148
0.16750570416755148
0.16750570416755148
0.16750570416755148
0.16750570416755148
0.16750570416755148
0.16750570416755148
0.16750570416755148
0.16750570416755148
