
2022-01-23 17:25:36
训练时长0m1s使用算法: ada
0.10558994660076589
15
0.12889630881014458
0.13245558420362924
0.12141012032597148
0.1375964394770942
0.1332408128605125
0.11660216677043593
0.10558994660076589
0.1221002725720539
0.12007905994860413
0.13276206607713836
0.1212730490820843
0.12318959230867126

2022-01-23 17:31:18
训练时长0m1s使用算法: ada
0.08517756915660206
11
0.09079776699668714
0.0894310635283976
0.0936542966950245
0.08842386796131492
0.09052059956910913
0.09162924553721567
0.0895224119293513
0.0880308611732432
0.08517756915660206
0.09030793245126754
0.09332468015461144
0.10299180042303953

2022-01-23 17:34:13
训练时长0m1s使用算法: ada
0.09040388354063567
25
0.09202789214788461
0.09040388354063567
0.09292501408251831
0.09420143138146653
0.09650333062736488
0.09214894870039207
0.09055478958203374
0.09152439011708337
0.09358100962971827
0.09637895410990649
0.09989753683324802
0.10119839796213642

2022-01-23 17:59:29
训练时长0m1s使用算法: ada
0.08567755568755268
21
0.09128843711582145
0.08792364571056431
0.0864781862027499
0.08567755568755268
0.09101394579462829
0.0934291909903508
0.0915595354436065
0.0886724973119083
0.0915695806306211
0.09171734538438227
0.0918381172237005
0.09771402873309669

2022-01-23 17:59:57
训练时长0m1s使用算法: ada
0.08730914730975266
13
0.08755606320579916
0.09513579596076872
0.08800748535909146
0.08960192219346515
0.09517879243446044
0.09486791050358555
0.09029578508054072
0.08730914730975266
0.09423104558911606
0.09652482331938994
0.09435422842408568
0.09690927897067049

2022-01-25 11:27:42
训练时长0m2s使用算法: ada
0.04313371910065548
17
0.04558303592899519
0.05107807544341882
0.04816426444449612
0.04433668093951793
0.04367905575223763
0.0488719797191615
0.051589048698384515
0.04735709739697145
0.05261016760287141
0.047222375696228745
0.04313371910065548
0.04580747775185825
0.04732839500992126
0.050721194025135835
0.04651911036788336
0.05252435101153804
0.051488778274097834
0.05321937955569415
0.05050986328567841
0.051001973845954805
0.05416127230957941
0.05239592633899215
0.060324213150363015
0.06660949938068716
0.0675688270143684
0.05887441493286385

2022-01-25 11:35:32
训练时长0m2s使用算法: ada
0.03632498422741696
4
0.0483254173719433
0.04970173556369248
0.04925679351626361
0.04649206179756932
0.04491382101509004
0.04977129552767068
0.04952974637581261
0.04748039097295472
0.05358576275028736
0.05214967256944322
0.048315245545331835
0.05091279213779292
0.050311035000656805
0.04508689886441861
0.050390525152131216
0.04921539611331718
0.0531209047065598
0.05412403528164195
0.0519934289165923
0.06158144178628568
0.054772083011446815
0.05434393127807626
0.04360837750051438
0.03632498422741696
0.052510087272525964
0.06718825949184182

2022-01-25 15:16:54
训练时长0m3s使用算法: ada
0.03432095177536056
4
0.04807992795546064
0.05104341804657117
0.04490197028691875
0.044097824015689825
0.051121366300869796
0.04772944620223668
0.05092208798035075
0.04997098919427786
0.04941766484195598
0.04524937864101572
0.04855541629592903
0.05079258479760448
0.04493485940394732
0.04580235844565728
0.04995407077986535
0.045531232164475084
0.05142827000953251
0.053029484796152326
0.05920955714659338
0.058888710283877155
0.05883308421179875
0.05372537615942138
0.042253675717209845
0.03432095177536056
0.05581292771262537
0.07034249250408017
