
2022-02-03 09:01:02
训练时长0m6s使用算法: rf
0.0289384464453272
27
0.0289384464453272
0.033823706715566865
0.035391328828556966
0.039473875168974944
0.03424497244303535
0.03644794012052031
0.03622463402774715
0.04135805110256469
0.03572565956095743
0.03513373125308696
0.03532859185782621
0.03561194529515006
0.037191178678444924
0.03740474175852157
0.047865623148046176
0.05013049858471442
0.05219831458690835
0.05963878499243542
0.04625981612571234
0.05405772391494958
0.05183357759277338
0.04663483598280493
0.04975820239992509
0.05743002198493235
0.08996598402878375
0.103522011588235

2022-02-03 09:06:01
训练时长0m7s使用算法: rf
0.03326859871267832
20
0.03799387348517758
0.03656646850745018
0.042459943318032906
0.03596102910074505
0.04329191754424714
0.034929735232682
0.034824056529592855
0.03326859871267832
0.03885229438886572
0.037383973375700395
0.036212945582703826
0.03826776775309452
0.03524671022982126
0.04052895591511947
0.04921309570031932
0.04755990839635419
0.04998757200051476
0.05267635854349578
0.052901018819217306
0.05428372041151197
0.055805197840376575
0.053456759749540804
0.06739931519039385
0.08745459291915929
0.09093495698319463
0.09769469959881218

2022-02-03 09:17:07
训练时长0m7s使用算法: rf
0.03197495235424332
27
0.03197495235424332
0.03673292673456664
0.0400525662072026
0.03667557068803101
0.033635186415555345
0.03637055110516329
0.04102579783492965
0.0361246601677082
0.0358424152749273
0.039395624892734286
0.03716778646390446
0.03950510628330672
0.052195788651596124
0.04332428762542723
0.05180850009529675
0.05549206171232316
0.05369584538718364
0.05058625500048896
0.04922573257300348
0.05053226328946964
0.05751359775343471
0.049530434578553224
0.07262540809822933
0.08674025313551191
0.08512279886383385
0.10094425415385376
