
2022-01-25 02:58:29
训练时长0m28s使用算法: xgb
0.058652521168476045
2
0.08783054479931136
0.08611460481069817
0.08653306947274453
0.0865342255057188
0.08654266779765
0.08735979602282233
0.08618349526042772
0.0871746351352265
0.08576760912577809
0.0847551128422122
0.08581486087454987
0.08456120088452972
0.08394039345901731
0.08503250939308231
0.08437002296480352
0.08439010191170156
0.08821741668175685
0.07921528487843961
0.08482495179947051
0.0967306652684511
0.10418087077302658
0.10021742236510829
0.09649645929800453
0.08053203199368693
0.0691920184507138
0.058652521168476045
