
2022-02-03 09:09:07
训练时长0m7s使用算法: rf
0.08280799522509974
5
0.10782924307240903
0.1115340588245496
0.11338775441556108
0.114966868734682
0.12158245672028069
0.1191347795246993
0.1177010228545304
0.11345239857653193
0.1196053900111222
0.10709732812454233
0.11028695246157412
0.11496412198994073
0.11116945156998305
0.11010263749911779
0.10475722567185414
0.10182023822815689
0.10157653418952199
0.10619829836952839
0.09707954286133125
0.09578843264833037
0.10402352812444342
0.0916924189863248
0.08280799522509974
0.13362470353442998
0.14870940529936405
0.1240604952775411

2022-02-03 09:20:02
训练时长0m7s使用算法: rf
0.08900158184145228
7
0.11177964955492027
0.11349487729909324
0.11390259877746195
0.11470620941360103
0.11487609301502089
0.11389632113220712
0.11953631095224236
0.11499154604833021
0.11362384492318861
0.1079841563974207
0.1046579851036857
0.11328787513745271
0.1099161562500869
0.11614833126256707
0.10881516422994286
0.10667345793917311
0.09981636946247757
0.09611633308668577
0.09677774824043602
0.09687687401878316
0.08900158184145228
0.10734416030986892
0.11832215235849185
0.12788843423390306
0.1334413708132157
0.15846125220755156
