
2022-02-08 11:48:42
训练时长0m0s使用算法: lgb
0.20577963973963742
14
0.23055498691845436
0.23055498691845436
0.23055498691845436
0.23055498691845436
0.23055498691845436
0.23262188912389958
0.22727938994550914
0.22684986438982466
0.22191435406063478
0.2230946101668879
0.21932482435422815
0.21154428113281434
0.2095368899111698
0.20577963973963742
0.20771050457324633
0.23093944459535332
0.2317124022811933
0.21926792656581454
0.2145594209785184
0.22549831439661538
0.23493910705210022
0.21600742350097202
0.2283509755394817
0.30429173937945375
0.29645060983562477
0.2540789171086657
