
2022-02-03 09:00:56
训练时长0m0s使用算法: lgb
0.335524185498248
2
0.335524185498248
0.335524185498248
0.335524185498248
0.335524185498248
0.335524185498248
0.335524185498248
0.335524185498248
0.335524185498248
0.335524185498248
0.335524185498248
0.335524185498248
0.335524185498248
0.335524185498248
0.335524185498248
0.335524185498248
0.335524185498248
0.335524185498248
0.335524185498248
0.335524185498248
0.335524185498248
0.335524185498248
0.335524185498248
0.335524185498248
0.335524185498248
0.335524185498248
0.335524185498248

2022-02-03 09:05:54
训练时长0m0s使用算法: lgb
0.335524185498248
2
0.335524185498248
0.335524185498248
0.335524185498248
0.335524185498248
0.335524185498248
0.335524185498248
0.335524185498248
0.335524185498248
0.335524185498248
0.335524185498248
0.335524185498248
0.335524185498248
0.335524185498248
0.335524185498248
0.335524185498248
0.335524185498248
0.335524185498248
0.335524185498248
0.335524185498248
0.335524185498248
0.335524185498248
0.335524185498248
0.335524185498248
0.335524185498248
0.335524185498248
0.335524185498248

2022-02-03 09:17:00
训练时长0m0s使用算法: lgb
0.335524185498248
2
0.335524185498248
0.335524185498248
0.335524185498248
0.335524185498248
0.335524185498248
0.335524185498248
0.335524185498248
0.335524185498248
0.335524185498248
0.335524185498248
0.335524185498248
0.335524185498248
0.335524185498248
0.335524185498248
0.335524185498248
0.335524185498248
0.335524185498248
0.335524185498248
0.335524185498248
0.335524185498248
0.335524185498248
0.335524185498248
0.335524185498248
0.335524185498248
0.335524185498248
0.335524185498248
