
2022-02-06 18:27:59
训练时长0m2s使用算法: gbdt
0.043139416981377444
3
0.08046304874864241
0.08363895258234684
0.08256028507373567
0.08455384477678392
0.07997335244772885
0.0831167147901542
0.08334923993624799
0.08528225315910065
0.08319944728112479
0.08066969580365098
0.0771105739754963
0.07335766683147565
0.07364227591982077
0.07352264515560335
0.07041199091833249
0.07141417952495073
0.0685217438168456
0.07043276177243847
0.0701416008236997
0.06702964911116943
0.06661338925465075
0.06554774309651033
0.06059982500582775
0.061708063124351877
0.043139416981377444
0.14084097687620525
