
2022-02-07 09:07:01
训练时长0m0s使用算法: lgb
0.4116745461943456
2
0.4116745461943456
0.4116745461943456
0.4116745461943456
0.4116745461943456
0.4116745461943456
0.4116745461943456
0.4116745461943456
0.4116745461943456
0.4116745461943456
0.4116745461943456
0.4116745461943456
0.4116745461943456
0.4116745461943456
0.4116745461943456
0.4116745461943456
0.4116745461943456
0.4116745461943456
0.4116745461943456
0.4116745461943456
0.4116745461943456
0.4116745461943456
0.4116745461943456
0.4116745461943456
0.4116745461943456
0.4116745461943456
0.4116745461943456
