
2022-02-08 11:25:15
训练时长0m1s使用算法: gbdt
0.08191080772266773
5
0.0954647209754688
0.09294332803881183
0.09357839187317187
0.09413459229418568
0.10209787620410303
0.09321688472753255
0.09741341277079106
0.10100881398898774
0.09709902301509603
0.09941826252400154
0.09945074969692204
0.09588411844223999
0.0996089307897778
0.0898186183433013
0.09163589054556215
0.09602396867092937
0.0993196663741291
0.09992028259571169
0.10458603534556332
0.10422811226502914
0.09523044721578215
0.09728723388339278
0.08191080772266773
0.09024835831105225
0.09565960173278724
0.11128498024126583
