
2022-02-07 09:09:54
训练时长0m6s使用算法: rf
0.24767067972409504
4
0.2792156527658772
0.2549049902646545
0.2776287775772892
0.2741396460614148
0.27247085021179296
0.28764166288085863
0.2673920777552045
0.28504632258521084
0.2792325646965262
0.27297400868455085
0.2603191254656664
0.27611826877988394
0.25556170215038565
0.27471201482383073
0.29035536858357297
0.2793160958368555
0.2721938258186171
0.28598098637474095
0.2836363029189847
0.2756264787110238
0.27553410994541105
0.26818200407865267
0.30407779112002764
0.24767067972409504
0.27815151220696405
0.37527460613181823
