
2022-01-23 17:21:14
训练时长0m1s使用算法: ada
0.09378493294648947
19
0.1095454188284362
0.09824890584820567
0.10013186252292632
0.10569671943078213
0.09378493294648947
0.097648470246144
0.11153991207921073
0.11423718139714824
0.09967045811098135
0.1242144647938892
0.11915519365108468
0.16946371539521568

2022-01-23 17:33:23
训练时长0m1s使用算法: ada
0.10138704651963419
25
0.10601921805165382
0.10138704651963419
0.1069546083036635
0.10435830837177706
0.11005430275645346
0.12690258304708282
0.10793303621526551
0.10770989680486259
0.10887573319282423
0.10208218796094455
0.11951889150783392
0.14951920417804782

2022-01-23 17:57:11
训练时长0m1s使用算法: ada
0.08708095545856799
27
0.08708095545856799
0.0933990214246061
0.09244459138675916
0.1130285322492901
0.10016393293122328
0.1039917007213384
0.09680229831858865
0.10110022904153819
0.10277965144502553
0.10543317471079405
0.12082681297847625
0.15479877434473885

2022-01-25 11:06:07
训练时长0m2s使用算法: ada
0.10557183782989472
18
0.11041488031911029
0.10758311148981219
0.10819127413446172
0.11457653660769686
0.11342302389867463
0.11717749976775067
0.10989369294264917
0.10916796185155876
0.11424026769020566
0.10557183782989472
0.1095993038855223
0.11790840911644984
0.11448403891959624
0.10957624127254424
0.11958866948135867
0.11447878379306692
0.11365333624669098
0.11823796467832927
0.11661548991076003
0.1171517708809412
0.11781317391527187
0.11802740150056873
0.11857359495791875
0.11493590768061783
0.11023659575625037
0.10702487882101513

2022-01-25 11:08:11
训练时长0m2s使用算法: ada
0.08075721473608138
4
0.09317802509799701
0.10177563547187753
0.10056424419553574
0.09495480123982052
0.10763175847765022
0.09792311644015506
0.09822249327728004
0.10568650103113554
0.10098585563673373
0.10241771918799157
0.10521812922249019
0.10831063095886317
0.10104492815378219
0.10287652107630034
0.09224748113925178
0.0994087233850176
0.09936682090735462
0.09339302718372244
0.08841604938249481
0.08641109265519542
0.08773562221699366
0.08960629898877175
0.09442765033210303
0.08075721473608138
0.08086412379738801
0.0844573754232003

2022-01-25 11:21:12
训练时长0m2s使用算法: ada
0.04704912411065382
11
0.049232832621934786
0.05194410813535677
0.05046402668806484
0.05042771715866685
0.049923716720184586
0.05099519023649967
0.056881044249331235
0.049292773920317966
0.05406706268376823
0.05558737892838983
0.05314385399189375
0.050167668341207484
0.05217435540026354
0.05736107540821266
0.05382108178695166
0.05171593249347118
0.04704912411065382
0.051839913861258476
0.04954713266408491
0.04989549319144183
0.05179048533458907
0.05428324612461829
0.060292903775404534
0.04868930780110203
0.05030817424810254
0.050747911957609804

2022-01-25 11:23:32
训练时长0m2s使用算法: ada
0.10349026421391329
21
0.11420074770088345
0.12304138891063955
0.11574668050847488
0.10545154160096483
0.10902990705683108
0.1133081767423223
0.10349026421391329
0.1170701432956791
0.11629284812353906
0.11765495368702424
0.10656187231979443
0.12159990972144592
0.11300429965341648
0.11116603128380581
0.11401848158621952
0.11343309233724823
0.10922005513572434
0.11200821883075684
0.11339176823457793
0.11341498170481627
0.11625739287724447
0.10518217461480567
0.10385313242507044
0.11132498252146887
0.1169834006796573
0.11201837352139343

2022-01-25 12:39:39
训练时长0m2s使用算法: ada
0.10053177803604137
21
0.11685912783759585
0.11533309251578401
0.1080778539413751
0.10372871971211985
0.10967816320163186
0.11196361204232341
0.10053177803604137
0.11089656339247035
0.1178577957320035
0.11419820717904916
0.1182582415077485
0.11157294951391324
0.11107797953708876
0.11481841617271647
0.11478602686377402
0.11761990879772659
0.11528400806987539
0.11552729146622805
0.11636527799367573
0.11712865724366069
0.11340299970763551
0.11166364034315958
0.10751941947482098
0.11298982699168768
0.11368430832743844
0.10363710251387583

2022-01-25 15:13:47
训练时长0m2s使用算法: ada
0.10061978314698483
25
0.1118882253713041
0.10764224553000669
0.10061978314698483
0.10963316026091696
0.1199430559597338
0.11019195437531436
0.10728526653909683
0.1051323140550753
0.10731097371888086
0.10585461230047544
0.11209873490049865
0.11206127880476413
0.11222660115251488
0.10907784106153325
0.11502469755547971
0.11259174696396836
0.11021717291662907
0.11708698416954272
0.11893300691132715
0.11686446678171176
0.11433579219758117
0.10939907826015689
0.10947814883478002
0.1078189005705762
0.11866362324180728
0.11420366912668713
