
2022-01-25 02:57:58
训练时长0m3s使用算法: ada
0.08209329378564136
4
0.09571026010400153
0.09542476835622243
0.09858328514574201
0.10031663700942245
0.09869448755836933
0.09921892138602971
0.09487144616506425
0.09940988462779993
0.09819908285668587
0.0982690974722985
0.0988976601348669
0.09313716352090075
0.09557176335366563
0.09891378169356808
0.09881998926828467
0.09703519637680581
0.09296879628638842
0.09433864578168327
0.09025917821885969
0.0916369894920946
0.08579804357708291
0.08930043473342529
0.08244115458655238
0.08209329378564136
0.08686727284422198
0.13979936949570324
