
2022-01-29 14:55:29
训练时长0m4s使用算法: ada
0.09762418446369052
26
0.11689353633344969
0.09762418446369052
0.11660501136992862
0.10789459403219374
0.10524958660368994
0.1045073295939819
0.11264849028984343
0.1046735612982307
0.11116214728673969
0.10115477497598246
0.10167688264830443
0.09860603262511049
0.11600630498159716
0.13370501547910305
0.11102083791736515
0.11472492545744713
0.10689719187616191
0.12075586893427936
0.11381290235287835
0.12201708631537533
0.11208946877144503
0.127468691553301
0.10452100950641426
0.10779762052913183
0.10342212017436658
0.1314741582273501
