
2022-02-08 11:48:53
训练时长0m3s使用算法: xgb
0.13103581243728596
3
0.22419629468637417
0.20709264430020488
0.20482522405114087
0.21138521953961786
0.20577921151178402
0.20814396065005183
0.20120384104745023
0.20808035242925568
0.19883710609898167
0.2101349423927729
0.2061918663727985
0.2044442350539576
0.20122448553229236
0.21660058551715733
0.20802319219584564
0.22579170470233403
0.21355867358420402
0.21394717404816613
0.19599085236883504
0.23442445061596706
0.2299897827035148
0.23349083396497047
0.22517080239992052
0.1855435525866965
0.13103581243728596
0.18453056975249763
