
2022-01-23 17:22:39
训练时长0m3s使用算法: rf
0.08056543408181326
15
0.08823779523887626
0.08497818369979555
0.08373755615038087
0.086222125651554
0.08756564669400059
0.08065360085821575
0.08056543408181326
0.08474487074333965
0.08503316293523348
0.08502371223132325
0.0923539988968487
0.09384771756995121

2022-01-23 17:33:43
训练时长0m3s使用算法: rf
0.07969564522476442
15
0.08535898217433006
0.08769422356134983
0.08324614386486268
0.08298497866505418
0.08358635276357544
0.08449206105752148
0.07969564522476442
0.08695201916749722
0.0856019643822599
0.08233802012121735
0.08977856278579743
0.09210257046397524

2022-01-23 17:58:49
训练时长0m3s使用算法: rf
0.0802116734450432
19
0.0912452701762168
0.08596770437120653
0.08449927206723316
0.08797953559050364
0.0802116734450432
0.08138937149457985
0.08153244246348221
0.08146793465313934
0.0906256730911496
0.09153485718884201
0.08989465805148106
0.0952550014712109

2022-01-25 11:09:50
训练时长0m6s使用算法: rf
0.08041093363481483
5
0.11201575479144892
0.10665295881209373
0.11234937147888223
0.10555274606909117
0.10544224886955518
0.11167715906599777
0.10969787571014089
0.10475759917571707
0.10320839925225873
0.10139039102817504
0.10159568678805952
0.09429888603941321
0.09667551262660923
0.10036593406813442
0.09885527075035677
0.10385031319283244
0.10042258658399512
0.09448410135981065
0.08835474637133571
0.08943071904469248
0.09064388075273633
0.08083423808972214
0.08041093363481483
0.08855509464378764
0.12540240704779373
0.12763007630806042

2022-01-25 11:25:27
训练时长0m6s使用算法: rf
0.05803539553167255
18
0.06136753098090155
0.06088897593770979
0.06207819496341696
0.0599022240099148
0.0592674361797946
0.06152358763492555
0.060702471258387965
0.05927010266503752
0.06289128043863458
0.05803539553167255
0.06037498219139018
0.06004569362266504
0.05961670182180989
0.06407992659424806
0.06310323127160648
0.06332080226216745
0.0644161366314467
0.06877403112069123
0.07088780102565143
0.0687404723585741
0.07024903210459092
0.07607918420487612
0.07363231582088904
0.07172748726641064
0.07125003486749183
0.08152060042979604

2022-01-25 12:37:45
训练时长0m6s使用算法: rf
0.05854938872730251
20
0.0596235892224122
0.06136177347702207
0.0643472215863544
0.05995645238731542
0.06192075403967474
0.06111342203211093
0.061155264818067344
0.05854938872730251
0.06038880735149773
0.0616735394020033
0.06145888443111435
0.06898702737709057
0.06648801581929974
0.0644030354802927
0.06507370182714563
0.0663018544779435
0.06570135409211751
0.06733323618935977
0.0682258128846901
0.06924826661703344
0.0677847513852879
0.06693954160834568
0.07388057208549235
0.07095232016188298
0.08390033541902957
0.08332384540613107

2022-01-25 15:15:53
训练时长0m7s使用算法: rf
0.058588506473198104
24
0.059437829078649494
0.06343367047766872
0.06176494404074275
0.058588506473198104
0.06126675469170761
0.060496245078772236
0.06261158847094796
0.06120701698623046
0.06019618657867822
0.06089610184408731
0.059878892829862085
0.0616558567494174
0.06698648010440006
0.06327963880554882
0.06641584951357127
0.06516217473794898
0.06972110995104673
0.06989328483961928
0.06967996932145136
0.070566450156909
0.06987321656280511
0.07516956813796179
0.07337422650481774
0.07224447351335922
0.07178425429539866
0.08149645089942896
