
2022-02-07 10:43:36
训练时长0m0s使用算法: lgb
0.2470222929313188
2
0.2470222929313188
0.2470222929313188
0.2470222929313188
0.2470222929313188
0.2470222929313188
0.2470222929313188
0.2470222929313188
0.2470222929313188
0.2470222929313188
0.2470222929313188
0.2470222929313188
0.2470222929313188
0.2470222929313188
0.2470222929313188
0.2470222929313188
0.2470222929313188
0.2470222929313188
0.2470222929313188
0.2470222929313188
0.2470222929313188
0.2470222929313188
0.2470222929313188
0.2470222929313188
0.2470222929313188
0.2470222929313188
0.2470222929313188
