
2022-02-07 10:44:35
训练时长0m1s使用算法: gbdt
0.05307768111767331
3
0.12432086804856095
0.11492065018462917
0.11501734811368407
0.11844343366939587
0.11617271354291447
0.11935675618331872
0.11741303784352446
0.12639622435840697
0.11618893317834028
0.12582086638935244
0.12651492177508092
0.1293763601677913
0.12147468888876711
0.12888862520379224
0.12516468673958772
0.13352525237575982
0.1344078390820378
0.12249747796213606
0.12243395228671855
0.11932583764127074
0.12022198370231198
0.11650105925256064
0.12433037537343909
0.12011628992481706
0.05307768111767331
0.12434176382998889
