
2022-02-03 09:08:58
训练时长0m1s使用算法: lgb
0.2167936927959259
4
0.27669016897889986
0.27669016897889986
0.27669016897889986
0.27669016897889986
0.27669016897889986
0.27669016897889986
0.27669016897889986
0.27669016897889986
0.27669016897889986
0.27669016897889986
0.27641356571889814
0.265849059838085
0.2802186166920459
0.27616177632760247
0.26868494414094196
0.2658352994484049
0.2766928435760681
0.28575596328144515
0.28477657514937693
0.2585950574111279
0.2627547593965089
0.256042810307996
0.24643848345161587
0.2167936927959259
0.2930658712418853
0.28265740422469615

2022-02-03 09:19:55
训练时长0m1s使用算法: lgb
0.2167936927959259
4
0.27669016897889986
0.27669016897889986
0.27669016897889986
0.27669016897889986
0.27669016897889986
0.27669016897889986
0.27669016897889986
0.27669016897889986
0.27669016897889986
0.27669016897889986
0.27641356571889814
0.265849059838085
0.2802186166920459
0.27616177632760247
0.26868494414094196
0.2658352994484049
0.2766928435760681
0.28575596328144515
0.28477657514937693
0.2585950574111279
0.2627547593965089
0.256042810307996
0.24643848345161587
0.2167936927959259
0.2930658712418853
0.28265740422469615
