
2022-02-08 11:48:56
训练时长0m2s使用算法: ada
0.1890630071742779
27
0.1890630071742779
0.20217854778039743
0.20135292936613655
0.1975747744457582
0.2017299188743448
0.20700761506068976
0.20011606099385262
0.20930741531938954
0.19969773519593456
0.19017371673258668
0.21107496117447955
0.1968413366958751
0.20811666501257373
0.1930357081443731
0.20426193864839526
0.22126299583245593
0.20694693270079942
0.22629249611523553
0.20503619087122385
0.21718152096893253
0.22493010332436167
0.2238584878089492
0.22338754928539917
0.19067256780241723
0.2390951474923686
0.2845767548959995
