
2022-01-23 17:21:12
训练时长0m1s使用算法: xgb
0.11519041938474528
25
0.1187307890184273
0.11519041938474528
0.11642564626803563
0.11525785284054439
0.11656183172543101
0.1166203628701865
0.11858091499752343
0.12059385816096026
0.12562167338439595
0.1695347516116387
0.16300934283362503
0.17269477870185254

2022-01-23 17:33:21
训练时长0m1s使用算法: xgb
0.10284676046366605
27
0.10284676046366605
0.10680027684605986
0.10785611507364683
0.10677300475999714
0.108387000694719
0.10643823302148854
0.11566463082844965
0.11142634316118984
0.10988245016616079
0.11353423210606127
0.18263087983773074
0.17180659356600128

2022-01-23 17:57:09
训练时长0m1s使用算法: xgb
0.10427107007718407
25
0.12010758447605584
0.10427107007718407
0.11735142761245808
0.10672706390827376
0.108387000694719
0.10643823302148854
0.11566463082844965
0.11142634316118984
0.10988245016616079
0.11353423210606127
0.18263087983773074
0.17180659356600128
