
2022-02-03 09:09:15
训练时长0m3s使用算法: ada
0.0879853436454221
9
0.10432053943548845
0.11607350865399742
0.10572198903600438
0.10890229299585212
0.11497714565831396
0.10549868036061227
0.11490990284213419
0.11862882856679836
0.11943548078579964
0.10984423158131458
0.10978062589793569
0.1175789597904915
0.10861741892311909
0.11824620331481973
0.12318694520975226
0.11160585719563947
0.1133384255132716
0.10246867380180641
0.0879853436454221
0.09347756371428052
0.09906162243851857
0.1037165090043375
0.10128464910716788
0.11453486967891023
0.14460864541903437
0.1465971161571265

2022-02-03 09:20:10
训练时长0m3s使用算法: ada
0.10185990333870514
5
0.10629135389407574
0.11930816901035222
0.11167727889813957
0.1151201958603713
0.1141009567575109
0.1097029192050409
0.11368576376293882
0.10639521726497098
0.1065812254421773
0.11329390181041636
0.12030542743459081
0.12216247140720893
0.11645640222815422
0.11416973328375074
0.10792429665944157
0.10825480245476111
0.10740831595609991
0.11573587107210341
0.11399878156367539
0.11969295572366838
0.11210184051352527
0.11957078993172715
0.10185990333870514
0.10670168015380917
0.13923677710462648
0.1402978679754252
