
2022-02-23 18:35:22
训练时长0m7s使用算法: rf
0.24099175197088232
2
0.26798951342446015
0.26723529159145015
0.25953987313752663
0.2680281460872544
0.2619767643382474
0.2681609250003953
0.26196284683433496
0.2720700591398979
0.2634049222325377
0.2759848490141479
0.27211517794642615
0.2747964511623209
0.267815262522661
0.271810704492081
0.26449805717917024
0.27656328657199164
0.26434883605583676
0.2772266203415261
0.273957202617249
0.25905412531535466
0.26261552388254766
0.26744378891809734
0.24137339211459774
0.24504003703567237
0.24650734493815654
0.2639626845035531
0.24099175197088232
