
2022-02-08 11:26:51
训练时长0m2s使用算法: ada
0.09888583448001913
27
0.09888583448001913
0.11128346461330708
0.10939798101420949
0.11469117952072971
0.10647548850310239
0.1097916655391221
0.10679673153162407
0.11385782706854979
0.11367266847667988
0.11381093968779314
0.10001740892689885
0.10095589501837221
0.11753449249437087
0.10760741314610324
0.1055028035793814
0.11106636668103721
0.10268039091495484
0.10764245209752699
0.11008918017714057
0.10908244856852785
0.1182429298135037
0.11422663300740567
0.11045813292404101
0.145064412029831
0.12335998475249614
0.11776105069142695
