
2022-02-08 11:24:10
训练时长0m2s使用算法: xgb
0.12084496237442009
2
0.14550162058903077
0.1332832759917827
0.1332743705525824
0.1332743705525824
0.1332743705525824
0.1332743705525824
0.1332743705525824
0.1332743705525824
0.13327232336166686
0.1332701433567587
0.1294158213992797
0.12936801615799365
0.13015397679516474
0.12977587667228974
0.12962931373493994
0.13024640662477835
0.141217523552684
0.1273510659636883
0.1399908427573519
0.1319066479524845
0.1344178551617471
0.1454070189339152
0.1286433178516225
0.12481361652222572
0.12890554129333232
0.12084496237442009
