
2022-01-23 17:21:11
训练时长0m3s使用算法: rf
0.094200879028645
17
0.09673331754052157
0.10024808975824935
0.0991036651079063
0.09560236328645322
0.10179070849750049
0.094200879028645
0.10384218344307938
0.09795689499751285
0.10098348895370658
0.1017048657946159
0.11517897237457043
0.13299996129114014

2022-01-23 17:33:20
训练时长0m3s使用算法: rf
0.0953363946955957
7
0.10187695038095908
0.0992699570921638
0.09749866985278727
0.09814900545443202
0.10098092019149903
0.10049016714185387
0.09815929293267818
0.09939940130479424
0.10071433579785932
0.10855795509082018
0.0953363946955957
0.09874466717721934

2022-01-23 17:57:07
训练时长0m3s使用算法: rf
0.07982802954346964
5
0.09869316982220516
0.10579551069129867
0.09979839786541488
0.09632258725081527
0.09606933877083444
0.09744098225077512
0.09263800608651694
0.10284600044759849
0.09819683057090427
0.10244150284201814
0.09299450331977581
0.07982802954346964
