
2022-02-07 09:07:07
训练时长0m6s使用算法: rf
0.12354050355709927
2
0.21735388736951755
0.22297414310159028
0.20191904997387597
0.21438038791554215
0.22129188318890733
0.2227996465888791
0.22600196152208074
0.2366398200950178
0.21830413466024864
0.2077904715188105
0.20546446429667564
0.22524736715727245
0.22291065072289187
0.22767713513029586
0.22200398599628546
0.2360232312628839
0.20654563166451576
0.2247978225837248
0.2290600528103887
0.22441866250173712
0.23526899082611855
0.22477188061884515
0.18967215717004415
0.18574480646711758
0.19820606621921175
0.12354050355709927
