
2022-01-23 17:22:43
训练时长0m1s使用算法: ada
0.10469882016505977
17
0.1173443076594914
0.12480417363911382
0.11845107090154822
0.11581710183968623
0.11011118470945024
0.10469882016505977
0.11710108611938981
0.12662688875774603
0.11872166846646438
0.12352762860035611
0.11991285080709257
0.11726781276214769

2022-01-23 17:33:47
训练时长0m1s使用算法: ada
0.09495554482710829
13
0.11425106535790723
0.1298489863540873
0.1159519153126498
0.10462903439572184
0.12031353809689155
0.11208691734359832
0.11256255430340496
0.09495554482710829
0.12304945603388329
0.1130544857694097
0.12309543681990232
0.1281725724786552

2022-01-23 17:58:52
训练时长0m1s使用算法: ada
0.10449611174610969
11
0.10451118430365906
0.117518363030579
0.10914649431138705
0.11269387612259944
0.12408862959879578
0.10746102265636633
0.10944452758353289
0.1259813767208448
0.10449611174610969
0.11762257739520614
0.1426338363306975
0.12864760423978694

2022-01-25 11:09:56
训练时长0m2s使用算法: ada
0.07990471018525062
8
0.10303555393641527
0.10197715027927239
0.0986538958082494
0.10896342277452647
0.09197433696273767
0.09899364340991001
0.10061716025292895
0.10142756634280232
0.09840356933650181
0.1018137632080348
0.09619870231640411
0.09683240059154209
0.09768268766595406
0.09634308401934084
0.0962763368883322
0.10259068349101053
0.09056580601767959
0.08976050519147938
0.08690923413087598
0.07990471018525062
0.08676469457833648
0.08565622426748275
0.1142643865962026
0.11690260168148749
0.12598226379641994
0.10296435046174339

2022-01-25 11:25:34
训练时长0m3s使用算法: ada
0.07671367163758018
26
0.0827504580743713
0.07671367163758018
0.08606516125730522
0.08502336911454421
0.07908170074503394
0.080125589664326
0.08420429278345615
0.08538966632759708
0.08225561436385691
0.0839614917771108
0.0799629862513871
0.08523037026974566
0.08365211935120721
0.08191497584537978
0.08318548621783889
0.0849279311925414
0.07908876831180123
0.08048642832427456
0.08381094193085836
0.08104874703170563
0.08635312364905896
0.08892664490403447
0.0898382008679906
0.09167420654734419
0.08132269843879274
0.08162652531509505

2022-01-25 12:37:52
训练时长0m2s使用算法: ada
0.07782067385199454
25
0.08349127069718791
0.08589644456082496
0.07782067385199454
0.08575694941067075
0.07942739659603114
0.07983862703529444
0.08823049448834007
0.08209044289787308
0.08516982518431737
0.08360012783904269
0.07982762367471767
0.08550182730163229
0.08823374145458895
0.08355783210773403
0.08368781002031352
0.08487052021689702
0.08254668370154018
0.08425784166238069
0.08795732942524409
0.08925159615592156
0.0857565509787885
0.08787875143407486
0.09392105038848853
0.08846759382037932
0.091161940099928
0.08369248363308668

2022-01-25 15:16:00
训练时长0m3s使用算法: ada
0.07151913621040772
8
0.08640740250417554
0.08127857163198654
0.0872436031993671
0.08445175266281363
0.07480966181031368
0.08536027697607866
0.08516352745861842
0.08421847726712743
0.0827846959866267
0.08197536116891078
0.08481372213563969
0.08457707481066375
0.08327821587430366
0.08374935932200982
0.08826607142924871
0.08525494107109771
0.07607554224562979
0.08161246694453661
0.08060377670844349
0.07151913621040772
0.08275383916299135
0.08070761775160358
0.08435084934324893
0.09430291237496596
0.09552128875984273
0.08995628938321155
