
2022-01-23 17:22:36
训练时长0m0s使用算法: lgb
0.09845590840394365
5
0.10178580819464068
0.10178580819464068
0.10178580819464068
0.10178580819464068
0.10178580819464068
0.10178580819464068
0.10178580819464068
0.10178580819464068
0.10178580819464068
0.10075692075806113
0.1008033532552131
0.09845590840394365

2022-01-23 17:33:40
训练时长0m0s使用算法: lgb
0.09845590840394365
5
0.10178580819464068
0.10178580819464068
0.10178580819464068
0.10178580819464068
0.10178580819464068
0.10178580819464068
0.10178580819464068
0.10178580819464068
0.10178580819464068
0.10075692075806113
0.10278032985490014
0.09845590840394365

2022-01-23 17:58:45
训练时长0m0s使用算法: lgb
0.09845590840394365
5
0.10178580819464068
0.10178580819464068
0.10178580819464068
0.10178580819464068
0.10178580819464068
0.10178580819464068
0.10178580819464068
0.10178580819464068
0.10178580819464068
0.10075692075806113
0.1008033532552131
0.09845590840394365

2022-01-25 11:09:43
训练时长0m0s使用算法: lgb
0.1152182354635553
2
0.2079980337583798
0.2079980337583798
0.2079980337583798
0.2079980337583798
0.2079980337583798
0.2079980337583798
0.2079980337583798
0.2079980337583798
0.2079980337583798
0.2079980337583798
0.2079980337583798
0.2079980337583798
0.2079980337583798
0.2079980337583798
0.2079980337583798
0.2079980337583798
0.2079980337583798
0.2071157595222396
0.2117403696116663
0.21611707020670368
0.2096354695993076
0.20213882726025126
0.2177609487217882
0.18866654150371368
0.18590174967588047
0.1152182354635553

2022-01-25 11:25:20
训练时长0m0s使用算法: lgb
0.11402561589405301
7
0.11402561589405301
0.11402561589405301
0.11402561589405301
0.11402561589405301
0.11402561589405301
0.11402561589405301
0.11402561589405301
0.11402561589405301
0.11402561589405301
0.11402561589405301
0.11402561589405301
0.11402561589405301
0.11402561589405301
0.11402561589405301
0.11402561589405301
0.11402561589405301
0.11402561589405301
0.11402561589405301
0.11402561589405301
0.11402561589405301
0.11402561589405301
0.11463500246685028
0.12178982577075197
0.12574639492282336
0.12331494046726059
0.12198919520008432

2022-01-25 12:37:39
训练时长0m0s使用算法: lgb
0.11402561589405301
7
0.11402561589405301
0.11402561589405301
0.11402561589405301
0.11402561589405301
0.11402561589405301
0.11402561589405301
0.11402561589405301
0.11402561589405301
0.11402561589405301
0.11402561589405301
0.11402561589405301
0.11402561589405301
0.11402561589405301
0.11402561589405301
0.11402561589405301
0.11402561589405301
0.11402561589405301
0.11402561589405301
0.11402561589405301
0.11402561589405301
0.11402561589405301
0.11463500246685028
0.12178982577075197
0.12574639492282336
0.12331494046726059
0.12198919520008432

2022-01-25 15:15:45
训练时长0m0s使用算法: lgb
0.11402561589405301
7
0.11402561589405301
0.11402561589405301
0.11402561589405301
0.11402561589405301
0.11402561589405301
0.11402561589405301
0.11402561589405301
0.11402561589405301
0.11402561589405301
0.11402561589405301
0.11402561589405301
0.11402561589405301
0.11402561589405301
0.11402561589405301
0.11402561589405301
0.11402561589405301
0.11402561589405301
0.11402561589405301
0.11402561589405301
0.11402561589405301
0.11402561589405301
0.11463500246685028
0.12178982577075197
0.12574639492282336
0.12331494046726059
0.12198919520008432
