
2022-02-07 09:07:57
训练时长0m3s使用算法: xgb
0.0774994639956361
2
0.24186263749083736
0.23735605762346104
0.23410625064493243
0.23751829221126242
0.23762016693485377
0.2376740215936027
0.23743680182541735
0.23439534319168542
0.23728584312319104
0.23778767823950173
0.23995613665009788
0.2354374118983437
0.24604306352469063
0.24296772892893473
0.25221930942785464
0.22735840422886158
0.20092194447139522
0.2428012858735387
0.24132542408218113
0.198211390994957
0.19688694157573197
0.20560026800185546
0.15217597335947838
0.16961551918404658
0.10686844853323356
0.0774994639956361
