
2022-02-03 09:02:29
训练时长0m3s使用算法: xgb
0.051373541390053595
5
0.09508579461128093
0.09099839390653315
0.0906465428910843
0.09129612506820871
0.09067962597006575
0.07850602802784454
0.07862056220364097
0.07916712330709644
0.07516799664571441
0.07509133350692683
0.07487019393718078
0.07553708090142731
0.07276727849257289
0.07084874533256949
0.07067984551877546
0.06854977635176983
0.0686801626344228
0.07363750975382416
0.07407820711753352
0.0798821830031126
0.07715165706883473
0.083334894731317
0.051373541390053595
0.059538079034667256
0.0527650884279278
0.06703182388226171

2022-02-03 09:07:25
训练时长0m3s使用算法: xgb
0.051373541390053595
5
0.08871228176872131
0.07906449410706173
0.07940525512165571
0.07946455073554651
0.07935101009346757
0.07791617762622796
0.07955293496594382
0.07824198877356887
0.07509210769858944
0.07509133350692683
0.07487019393718078
0.07553708090142731
0.07276727849257289
0.07084874533256949
0.07067984551877546
0.06854977635176983
0.0686801626344228
0.07363750975382416
0.07407820711753352
0.0798821830031126
0.07715165706883473
0.083334894731317
0.051373541390053595
0.059538079034667256
0.0527650884279278
0.06703182388226171

2022-02-03 09:18:35
训练时长0m3s使用算法: xgb
0.0527650884279278
3
0.097154427581309
0.07887463403121657
0.0790186667620981
0.07898225954027592
0.07901863508469935
0.07901812334635153
0.07947796157309082
0.07893342497605314
0.07789330621036179
0.07489343461129654
0.07510221859068365
0.07493503052171575
0.07541133035694218
0.07525130276578845
0.07108358379518719
0.07053034264078842
0.06849442724450272
0.06966876072275854
0.07727203492231433
0.07635237576706543
0.08541966801176211
0.08744668584799171
0.07931095627580322
0.0551557717242148
0.0527650884279278
0.06703182388226171
