
2022-02-07 10:44:36
训练时长0m0s使用算法: lgb
0.15609431132662677
8
0.15609431132662677
0.15609431132662677
0.15609431132662677
0.15609431132662677
0.15609431132662677
0.15609431132662677
0.15609431132662677
0.15609431132662677
0.15609431132662677
0.15609431132662677
0.15609431132662677
0.15609431132662677
0.15609431132662677
0.15609431132662677
0.15609431132662677
0.15609431132662677
0.15609431132662677
0.15609431132662677
0.15609431132662677
0.15609431132662677
0.15908987638941938
0.1690962288004405
0.17090500067259937
0.17599040349868
0.228188548760348
0.2660906623937426
