
2022-02-06 18:28:44
训练时长0m9s使用算法: rf
0.05353387213602401
3
0.10308368072290752
0.10115042640955584
0.1018329030351669
0.1027993884011658
0.10181065899046
0.09974512327062583
0.10183067272244672
0.10154339773609877
0.09764036831279817
0.1022545990191872
0.09892947006249471
0.09985911484840186
0.09524416540740395
0.0974383680846369
0.09819601652149523
0.09765791992340822
0.09495670857151749
0.09343568348459964
0.09373838497594482
0.08673217865167004
0.0897887008570148
0.09217922888405643
0.07988508193497788
0.07663101948657233
0.05353387213602401
0.14046810618186045
