
2022-01-23 17:21:14
训练时长0m1s使用算法: ada
0.09378493294648947
19
0.1095454188284362
0.09824890584820567
0.10013186252292632
0.10569671943078213
0.09378493294648947
0.097648470246144
0.11153991207921073
0.11423718139714824
0.09967045811098135
0.1242144647938892
0.11915519365108468
0.16946371539521568

2022-01-23 17:33:23
训练时长0m1s使用算法: ada
0.10138704651963419
25
0.10601921805165382
0.10138704651963419
0.1069546083036635
0.10435830837177706
0.11005430275645346
0.12690258304708282
0.10793303621526551
0.10770989680486259
0.10887573319282423
0.10208218796094455
0.11951889150783392
0.14951920417804782

2022-01-23 17:57:11
训练时长0m1s使用算法: ada
0.08708095545856799
27
0.08708095545856799
0.0933990214246061
0.09244459138675916
0.1130285322492901
0.10016393293122328
0.1039917007213384
0.09680229831858865
0.10110022904153819
0.10277965144502553
0.10543317471079405
0.12082681297847625
0.15479877434473885
