
2022-01-25 02:58:40
训练时长0m9s使用算法: rf
0.0638936639965183
2
0.08647832194930055
0.08575046709642258
0.0872290053839724
0.0901575079650307
0.08652943851751499
0.0858444490271942
0.08297190657677785
0.08589488718411742
0.08625701812577881
0.08624739715586854
0.08726565237459283
0.0879146741814243
0.08591953210528762
0.0869367293975416
0.08519232860254401
0.08569930622979793
0.08491735110450176
0.08336787976694109
0.07886184010176302
0.07579231754799472
0.08190538004926647
0.08135899538871398
0.08585220116978787
0.07601390108192009
0.0701576671445598
0.0638936639965183
