
2022-02-08 11:46:15
训练时长0m2s使用算法: ada
0.09625013167752039
6
0.20232607742917577
0.19444106682106535
0.17452161040568193
0.18586492660966378
0.14784997487111498
0.20305118577019013
0.16133624002965422
0.17527828095508324
0.16905504987413222
0.15796669063569893
0.21124789024687318
0.1646221998810872
0.15866965701936034
0.17983665724628192
0.21391310661037946
0.15490925836206532
0.22660916568033687
0.22799701932718616
0.13788295391269131
0.13755541830947562
0.14139376125184636
0.09625013167752039
0.12051046808541914
0.13198734990223587
0.1065742420605505
0.2923403268927168
