
2022-01-29 14:55:57
训练时长0m26s使用算法: xgb
0.07372588300050169
3
0.16385215275090795
0.15998675906434456
0.16341314280257763
0.1655680704870838
0.16343258984711412
0.16623685256334847
0.16370543648650265
0.16375612811064938
0.16138468330618647
0.16252147037734513
0.15926493995556854
0.16611620144095848
0.14889880907517095
0.15950951689933407
0.15513821819346188
0.15526397222370486
0.15925562734158297
0.15290602384962945
0.16916725444899647
0.17377593427728577
0.16229508228323258
0.18798065692153476
0.14504973108593455
0.09155885546678118
0.07372588300050169
0.0781150641851478
