
2022-02-03 09:02:26
训练时长0m6s使用算法: rf
0.067768523902257
2
0.11532387829280732
0.11121360549018645
0.11147229506770977
0.11043646688644808
0.10650534960180641
0.10804342923680404
0.1048463030367957
0.10665874070270516
0.11143974430719354
0.10757954838754473
0.11665577435102968
0.10523497768958501
0.10412314338594564
0.11223198287664378
0.10471146775910405
0.11498922820849311
0.11210227984722974
0.11402756121857212
0.11731443221833261
0.1062328698689853
0.10904437871264544
0.10663224639129232
0.09655381050075591
0.09207176931471256
0.08794844206345719
0.067768523902257

2022-02-03 09:07:21
训练时长0m7s使用算法: rf
0.06989547891632521
2
0.11466530635907309
0.1106628174075739
0.10836801922802108
0.11527901536444853
0.11340753070447869
0.10807865035425097
0.12108872643618174
0.10627551115496812
0.11094328969156582
0.11948155517568453
0.11603546329036714
0.11060635932546604
0.1217532253407263
0.1164081613325351
0.1134157066403267
0.1098604630740961
0.11031679481664362
0.10168505250055164
0.10454566877522058
0.09560693053450812
0.10853146148551407
0.10060625159981766
0.09622334297948094
0.08892797821250814
0.08417435858754313
0.06989547891632521

2022-02-03 09:18:31
训练时长0m7s使用算法: rf
0.06688805703191208
2
0.105610620652887
0.12408261552803752
0.10294411499885824
0.11090940826208155
0.11180798618582362
0.11823527558400138
0.11326326353211659
0.11530278071412535
0.1126814364750694
0.10813349799460109
0.107565756737754
0.105363723016896
0.11199295001383862
0.1096802595547477
0.10947998955633965
0.10889740294916678
0.11634894778956012
0.11484755620447197
0.11578181868408216
0.11016387345428247
0.11159583532917283
0.10413746924300755
0.09619856182544055
0.0952699402477611
0.08304728461588783
0.06688805703191208
