
2022-02-08 11:47:20
训练时长0m1s使用算法: gbdt
0.2069814396696005
12
0.22291122119492038
0.22192544844444032
0.21791706506926609
0.22234768980699618
0.2213275745658836
0.21629931542149738
0.21907063203104485
0.21387562949034503
0.21173312377731282
0.2131059753839991
0.22255316983894544
0.20701670499979516
0.2113212662871288
0.21048246190795172
0.2146366437532189
0.2069814396696005
0.20787241351815852
0.21792583582333294
0.23628941326762318
0.2249482596731248
0.21746078069849095
0.21427949032512592
0.24547305115642215
0.2758820471604259
0.30624055182000987
0.23916879222441426
