
2022-02-03 09:02:18
训练时长0m1s使用算法: gbdt
0.06609872854494826
10
0.07049537912748575
0.07260505251681172
0.06999458977033889
0.07240455034987665
0.0723985329361669
0.07316510912566314
0.07081972880616179
0.0715107080904559
0.06949078625184286
0.07466994172671927
0.07482874444059197
0.07364890645128887
0.07440989331642585
0.07673957990969939
0.07775867314140954
0.07558232538965692
0.06981549123098195
0.06609872854494826
0.06862062964966427
0.07084604928803315
0.07074173893928479
0.07304943446189269
0.08368565425337644
0.07910138810806754
0.07929895841645267
0.06703013597033619

2022-02-03 09:07:13
训练时长0m1s使用算法: gbdt
0.06703013597033619
2
0.07064243180234656
0.07334529967871978
0.07057092006950842
0.07043054645218735
0.06999098499159766
0.07057719505263786
0.06996957206407538
0.07434467302776065
0.07060932091143547
0.07206863838878577
0.0762600912064033
0.07351774481722573
0.07960133399666562
0.08071332846999375
0.08023276495374458
0.07636977536543145
0.0810343499613456
0.08022588714312141
0.07569349994314041
0.07703127850426451
0.07391886469050046
0.07322416611952888
0.08361832019496475
0.08015831960026609
0.07922214699392834
0.06703013597033619

2022-02-03 09:18:23
训练时长0m1s使用算法: gbdt
0.064547217386019
8
0.07418713003292118
0.07201503705296018
0.07297509130689109
0.07528807663982374
0.07382843004508884
0.07062581092505306
0.07301385591365568
0.06782534477406421
0.07331056962639568
0.07180399074529988
0.07366793643840895
0.07152858857830406
0.0792816583202948
0.07601889204838548
0.07704140636731387
0.06940340631148752
0.06615752607344398
0.07004598198322452
0.06490480716479342
0.064547217386019
0.06805063380324851
0.07339287572780728
0.08339189527763818
0.08008937883364814
0.07936722826232129
0.06703013597033619
