
2022-02-07 10:43:35
训练时长0m1s使用算法: gbdt
0.10607207069226067
7
0.1377531426931245
0.11882486160533405
0.12550403565119042
0.1271693758816185
0.1113876501309824
0.12915198259069313
0.11714871635575219
0.12090776371747713
0.12762647643918068
0.13876937587245142
0.10999767205795274
0.11960210629371648
0.11954799550022775
0.13382750551415154
0.1209467704670009
0.12827811227368183
0.1137198808027356
0.14302208175129794
0.14010024111192557
0.1311972380179346
0.10607207069226067
0.10815471615172152
0.11422573924886474
0.1383272604500231
0.14363177015368836
0.18566674969319932
