spark.broadcast.blockSize,spark.broadcast.checksum,spark.broadcast.compress,spark.default.parallelism,spark.executor.cores,spark.executor.instances,spark.executor.memory,spark.executor.memoryOverhead,spark.kryoserializer.buffer,spark.kryoserializer.buffer.max,spark.locality.wait,spark.maxRemoteBlockSizeFetchToMem,spark.memory.fraction,spark.memory.offHeap.enabled,spark.memory.offHeap.size,spark.memory.storageFraction,spark.rdd.compress,spark.reducer.maxBlocksInFlightPerAddress,spark.reducer.maxReqsInFlight,spark.reducer.maxSizeInFlight,spark.scheduler.mode,spark.scheduler.revive.interval,spark.shuffle.compress,spark.shuffle.file.buffer,spark.shuffle.io.numConnectionsPerPeer,spark.shuffle.sort.bypassMergeThreshold,spark.storage.memoryMapThreshold,range,dissimilarity_value,cos_distance,Euclidean_distance,distance
60.0,0.0,1.0,239.0,4.0,8.0,4.0,727.0,122.0,127.0,6.0,1381233000.0,0.62,0.0,18.0,0.57,0.0,2147483600.0,1820509300.0,30.0,0.0,983.0,1.0,32.0,1.0,290.0,4.0,6.703,0.015,0.999,0.222,304.35
60.0,0.0,1.0,229.0,4.0,8.0,4.0,723.0,124.0,127.0,6.0,1362956200.0,0.62,0.0,18.0,0.58,0.0,2139430100.0,1840484100.0,30.0,0.0,991.0,1.0,32.0,1.0,293.0,4.0,11.02,0.016,0.999,0.247,247.608
60.0,0.0,1.0,246.0,4.0,8.0,4.0,735.0,128.0,123.0,6.0,1394387700.0,0.62,0.0,18.0,0.59,0.0,2147483600.0,1816108400.0,31.0,0.0,983.0,1.0,32.0,1.0,284.0,4.0,4.088,0.018,0.999,0.229,242.893
60.0,0.0,1.0,238.0,4.0,8.0,4.0,752.0,123.0,124.0,6.0,1375147000.0,0.62,0.0,13.0,0.55,0.0,2147483600.0,1834839800.0,28.0,0.0,980.0,1.0,32.0,1.0,305.0,4.0,6.441,0.012,0.997,0.355,240.36
61.0,0.0,1.0,234.0,4.0,8.0,4.0,744.0,125.0,127.0,6.0,1401817600.0,0.62,0.0,18.0,0.56,0.0,2136214900.0,1829359400.0,29.0,0.0,968.0,1.0,32.0,1.0,289.0,4.0,4.789,0.014,0.997,0.309,229.667
61.0,0.0,1.0,226.0,4.0,8.0,4.0,737.0,127.0,126.0,6.0,1364354300.0,0.62,0.0,18.0,0.58,0.0,2125009400.0,1762713300.0,31.0,0.0,979.0,1.0,32.0,1.0,292.0,4.0,2.469,0.018,0.998,0.241,229.584
60.0,0.0,1.0,243.0,4.0,8.0,4.0,746.0,128.0,124.0,6.0,1399597400.0,0.61,0.0,12.0,0.58,0.0,2147483600.0,1861964400.0,29.0,0.0,991.0,1.0,32.0,1.0,292.0,4.0,8.557,0.014,0.997,0.329,223.346
60.0,0.0,1.0,232.0,4.0,8.0,4.0,718.0,125.0,127.0,6.0,1404922400.0,0.61,0.0,18.0,0.58,0.0,2147483600.0,1839083000.0,30.0,0.0,988.0,1.0,32.0,1.0,288.0,4.0,11.521,0.016,0.998,0.283,219.632
61.0,0.0,1.0,238.0,4.0,8.0,4.0,729.0,123.0,125.0,6.0,1399904800.0,0.63,0.0,18.0,0.57,0.0,2123771100.0,1809559300.0,30.0,0.0,961.0,1.0,32.0,1.0,284.0,4.0,8.394,0.015,0.997,0.317,213.055
60.0,0.0,1.0,250.0,4.0,8.0,4.0,749.0,124.0,127.0,6.0,1393905400.0,0.62,0.0,18.0,0.56,0.0,2140205700.0,1842838700.0,29.0,0.0,970.0,1.0,32.0,1.0,287.0,4.0,1.286,0.016,0.998,0.29,211.755
63.0,0.0,1.0,243.0,4.0,8.0,4.0,748.0,124.0,126.0,6.0,1377189400.0,0.62,0.0,18.0,0.56,0.0,2129293300.0,1801692700.0,30.0,0.0,969.0,1.0,32.0,1.0,286.0,4.0,5.94,0.017,0.998,0.287,207.534
61.0,0.0,1.0,235.0,4.0,8.0,4.0,753.0,128.0,127.0,6.0,1371472600.0,0.61,0.0,18.0,0.56,0.0,2129402400.0,1764288500.0,31.0,0.0,980.0,1.0,32.0,1.0,284.0,4.0,4.953,0.018,0.998,0.274,206.726
60.0,0.0,1.0,241.0,4.0,8.0,4.0,744.0,127.0,123.0,6.0,1349046800.0,0.62,0.0,18.0,0.58,0.0,2134995500.0,1775139500.0,32.0,0.0,975.0,1.0,32.0,1.0,287.0,4.0,7.674,0.018,0.998,0.262,206.294
61.0,0.0,1.0,238.0,4.0,8.0,4.0,733.0,124.0,126.0,6.0,1379957400.0,0.6,0.0,10.0,0.58,0.0,2147483600.0,1793407000.0,28.0,0.0,981.0,1.0,32.0,1.0,299.0,4.0,4.907,0.017,0.998,0.297,200.442
59.0,0.0,1.0,243.0,4.0,8.0,4.0,730.0,125.0,126.0,6.0,1416835200.0,0.62,0.0,18.0,0.59,0.0,2147483600.0,1848123300.0,29.0,0.0,970.0,1.0,32.0,1.0,290.0,4.0,7.668,0.016,0.997,0.31,198.629
59.0,0.0,1.0,228.0,4.0,8.0,4.0,729.0,127.0,123.0,6.0,1343056500.0,0.63,0.0,10.0,0.59,0.0,2134983600.0,1778856700.0,30.0,0.0,981.0,1.0,32.0,1.0,299.0,4.0,5.026,0.019,0.998,0.27,196.371
62.0,0.0,1.0,240.0,4.0,8.0,4.0,741.0,120.0,126.0,6.0,1346636000.0,0.62,0.0,18.0,0.55,0.0,2147483600.0,1823040900.0,29.0,0.0,974.0,1.0,32.0,1.0,291.0,4.0,6.557,0.018,0.998,0.292,194.592
62.0,0.0,1.0,237.0,4.0,8.0,4.0,735.0,121.0,128.0,6.0,1435262600.0,0.62,0.0,18.0,0.55,0.0,2147483600.0,1820343200.0,29.0,0.0,983.0,1.0,32.0,1.0,284.0,4.0,6.966,0.017,0.998,0.305,193.072
61.0,0.0,1.0,230.0,4.0,8.0,4.0,743.0,124.0,127.0,6.0,1376517800.0,0.62,0.0,10.0,0.57,0.0,2147483600.0,1805579100.0,29.0,0.0,967.0,1.0,32.0,1.0,303.0,4.0,9.365,0.015,0.998,0.342,192.201
62.0,0.0,1.0,235.0,4.0,8.0,4.0,751.0,124.0,124.0,6.0,1349169700.0,0.63,0.0,11.0,0.56,0.0,2147483600.0,1793030100.0,31.0,0.0,976.0,1.0,32.0,1.0,291.0,4.0,6.205,0.017,0.997,0.311,192.099
61.0,0.0,1.0,236.0,4.0,8.0,4.0,731.0,125.0,122.0,6.0,1400614100.0,0.64,0.0,18.0,0.59,0.0,2147483600.0,1815363200.0,32.0,0.0,985.0,1.0,32.0,1.0,288.0,4.0,4.003,0.019,0.998,0.268,191.866
61.0,0.0,1.0,243.0,4.0,8.0,4.0,727.0,122.0,123.0,6.0,1389493000.0,0.62,0.0,18.0,0.59,0.0,2099827500.0,1796102100.0,31.0,0.0,970.0,1.0,32.0,1.0,284.0,4.0,5.869,0.018,0.999,0.289,191.051
60.0,0.0,1.0,243.0,4.0,8.0,4.0,735.0,128.0,125.0,6.0,1355855900.0,0.61,0.0,18.0,0.58,0.0,2147483600.0,1838390300.0,30.0,0.0,991.0,1.0,32.0,1.0,290.0,4.0,6.448,0.017,0.997,0.306,189.222
60.0,0.0,1.0,243.0,4.0,8.0,4.0,737.0,122.0,124.0,6.0,1401531300.0,0.61,0.0,18.0,0.57,0.0,2076544000.0,1801687200.0,29.0,0.0,961.0,1.0,32.0,1.0,284.0,4.0,2.716,0.015,0.999,0.35,188.66
60.0,0.0,1.0,236.0,4.0,8.0,4.0,749.0,128.0,128.0,6.0,1370532100.0,0.62,0.0,18.0,0.58,0.0,2147483600.0,1809214600.0,30.0,0.0,958.0,1.0,32.0,1.0,293.0,4.0,5.973,0.017,0.997,0.32,187.01
62.0,0.0,1.0,242.0,4.0,8.0,4.0,735.0,121.0,124.0,6.0,1373115000.0,0.62,0.0,18.0,0.56,0.0,2126508300.0,1783379700.0,30.0,0.0,972.0,1.0,32.0,1.0,290.0,4.0,2.144,0.017,0.998,0.317,185.848
60.0,0.0,1.0,234.0,4.0,8.0,4.0,741.0,124.0,128.0,6.0,1357619200.0,0.62,0.0,18.0,0.54,0.0,2129670400.0,1827244500.0,31.0,0.0,981.0,1.0,32.0,1.0,286.0,4.0,6.435,0.017,0.997,0.312,185.324
62.0,0.0,1.0,238.0,4.0,8.0,4.0,754.0,128.0,128.0,6.0,1333925100.0,0.61,0.0,18.0,0.56,0.0,2134211600.0,1823189600.0,29.0,0.0,978.0,1.0,32.0,1.0,284.0,4.0,6.672,0.017,0.998,0.316,183.283
61.0,0.0,1.0,227.0,4.0,8.0,4.0,748.0,128.0,128.0,6.0,1355217800.0,0.61,0.0,18.0,0.57,0.0,2147483600.0,1808550500.0,28.0,0.0,980.0,1.0,32.0,1.0,294.0,4.0,6.908,0.018,0.999,0.307,181.205
59.0,0.0,1.0,236.0,4.0,8.0,4.0,726.0,125.0,128.0,6.0,1381570200.0,0.6,0.0,10.0,0.55,0.0,2147483600.0,1827997200.0,30.0,0.0,980.0,1.0,32.0,1.0,281.0,4.0,9.437,0.017,0.998,0.336,179.698
61.0,0.0,1.0,239.0,4.0,8.0,4.0,737.0,125.0,125.0,6.0,1383852300.0,0.6,0.0,10.0,0.55,0.0,2147483600.0,1810057600.0,30.0,0.0,981.0,1.0,32.0,1.0,288.0,4.0,9.215,0.016,0.998,0.347,179.639
61.0,0.0,1.0,222.0,4.0,8.0,4.0,733.0,122.0,125.0,6.0,1372042200.0,0.63,0.0,10.0,0.57,0.0,2147483600.0,1803127600.0,29.0,0.0,980.0,1.0,32.0,1.0,304.0,4.0,9.313,0.017,0.997,0.339,177.775
61.0,0.0,1.0,243.0,4.0,8.0,4.0,742.0,123.0,122.0,6.0,1396070400.0,0.63,0.0,18.0,0.55,0.0,2127164900.0,1796368100.0,29.0,0.0,962.0,1.0,32.0,1.0,287.0,4.0,5.352,0.017,0.997,0.335,176.557
61.0,0.0,1.0,239.0,4.0,8.0,4.0,755.0,123.0,128.0,6.0,1377549300.0,0.62,0.0,18.0,0.54,0.0,2128083100.0,1815747700.0,30.0,0.0,964.0,1.0,32.0,1.0,284.0,4.0,0.785,0.018,0.997,0.321,176.285
62.0,0.0,1.0,239.0,4.0,8.0,4.0,746.0,128.0,128.0,6.0,1393584500.0,0.61,0.0,18.0,0.58,0.0,2147483600.0,1830856300.0,29.0,0.0,985.0,1.0,32.0,1.0,288.0,4.0,12.07,0.017,0.998,0.33,175.796
61.0,0.0,1.0,232.0,4.0,8.0,4.0,736.0,125.0,124.0,6.0,1349880600.0,0.62,0.0,10.0,0.57,0.0,2147483600.0,1812298200.0,29.0,0.0,977.0,1.0,32.0,1.0,302.0,4.0,9.556,0.014,0.997,0.4,173.934
60.0,0.0,1.0,239.0,4.0,8.0,4.0,740.0,128.0,124.0,6.0,1392399400.0,0.62,0.0,18.0,0.58,0.0,2147483600.0,1841487400.0,30.0,0.0,979.0,1.0,32.0,1.0,296.0,4.0,9.833,0.017,0.997,0.344,173.432
62.0,0.0,1.0,240.0,4.0,8.0,4.0,753.0,121.0,128.0,6.0,1359643800.0,0.61,0.0,16.0,0.53,0.0,2137034500.0,1791003600.0,29.0,0.0,977.0,1.0,32.0,1.0,288.0,4.0,8.187,0.015,0.996,0.383,172.527
60.0,0.0,1.0,237.0,4.0,8.0,4.0,744.0,128.0,127.0,6.0,1369005000.0,0.63,0.0,18.0,0.58,0.0,2147483600.0,1857861600.0,30.0,0.0,985.0,1.0,32.0,1.0,288.0,4.0,6.699,0.017,0.997,0.343,171.78
61.0,0.0,1.0,227.0,4.0,8.0,4.0,746.0,128.0,128.0,6.0,1370651900.0,0.61,0.0,18.0,0.56,0.0,2147483600.0,1855066100.0,29.0,0.0,991.0,1.0,32.0,1.0,291.0,4.0,9.407,0.018,0.999,0.334,167.942
60.0,0.0,1.0,225.0,4.0,8.0,4.0,742.0,127.0,127.0,6.0,1373121300.0,0.61,0.0,18.0,0.56,0.0,2147483600.0,1808788000.0,31.0,0.0,1000.0,1.0,32.0,1.0,293.0,4.0,5.259,0.019,0.998,0.318,166.81
58.0,0.0,1.0,254.0,4.0,8.0,4.0,735.0,127.0,122.0,6.0,1386444900.0,0.61,0.0,13.0,0.59,0.0,2103114900.0,1790361300.0,31.0,0.0,956.0,1.0,32.0,1.0,281.0,4.0,0.012,0.015,0.998,0.391,166.674
63.0,0.0,1.0,235.0,4.0,8.0,4.0,747.0,124.0,126.0,6.0,1379403800.0,0.63,0.0,18.0,0.56,0.0,2147483600.0,1791438700.0,29.0,0.0,964.0,1.0,32.0,1.0,290.0,4.0,5.829,0.015,0.996,0.389,165.666
59.0,0.0,1.0,243.0,4.0,8.0,4.0,730.0,127.0,126.0,6.0,1408492500.0,0.63,0.0,18.0,0.59,0.0,2147483600.0,1870266400.0,30.0,0.0,979.0,1.0,32.0,1.0,287.0,4.0,7.721,0.018,0.997,0.336,161.595
58.0,0.0,1.0,247.0,4.0,8.0,4.0,737.0,124.0,124.0,6.0,1355124700.0,0.6,0.0,10.0,0.56,0.0,2125876600.0,1833788500.0,29.0,0.0,962.0,1.0,32.0,1.0,285.0,4.0,7.215,0.018,0.996,0.358,158.504
61.0,0.0,1.0,240.0,4.0,8.0,4.0,745.0,126.0,128.0,6.0,1356969300.0,0.61,0.0,18.0,0.56,0.0,2147483600.0,1852924700.0,29.0,0.0,992.0,1.0,32.0,1.0,288.0,4.0,9.295,0.017,0.998,0.372,158.192
61.0,0.0,1.0,255.0,4.0,8.0,4.0,738.0,124.0,123.0,6.0,1362933900.0,0.62,0.0,18.0,0.57,0.0,2137428200.0,1815379500.0,30.0,0.0,973.0,1.0,32.0,1.0,289.0,4.0,8.649,0.017,0.996,0.365,157.562
61.0,0.0,1.0,228.0,4.0,8.0,4.0,755.0,125.0,128.0,6.0,1378089200.0,0.6,0.0,18.0,0.53,0.0,2120305200.0,1797733000.0,28.0,0.0,977.0,1.0,32.0,1.0,291.0,4.0,2.212,0.019,0.997,0.33,156.544
60.0,0.0,1.0,238.0,4.0,8.0,4.0,750.0,128.0,125.0,6.0,1371282200.0,0.62,0.0,18.0,0.58,0.0,2127788300.0,1770816000.0,30.0,0.0,947.0,1.0,32.0,1.0,292.0,4.0,1.065,0.017,0.997,0.382,155.876
60.0,0.0,1.0,243.0,4.0,8.0,4.0,733.0,122.0,121.0,6.0,1411467500.0,0.62,0.0,18.0,0.57,0.0,2128013700.0,1833861100.0,30.0,0.0,971.0,1.0,32.0,1.0,292.0,4.0,2.213,0.017,0.997,0.373,155.562
62.0,0.0,1.0,225.0,4.0,8.0,4.0,732.0,123.0,126.0,6.0,1374285000.0,0.61,0.0,10.0,0.57,0.0,2147483600.0,1799143400.0,30.0,0.0,995.0,1.0,32.0,1.0,292.0,4.0,9.689,0.017,0.998,0.383,155.275
61.0,0.0,1.0,253.0,4.0,8.0,4.0,732.0,123.0,121.0,6.0,1407700700.0,0.62,0.0,18.0,0.58,0.0,2131761800.0,1788355500.0,30.0,0.0,959.0,1.0,32.0,1.0,288.0,4.0,6.053,0.019,0.997,0.34,155.134
61.0,0.0,1.0,237.0,4.0,8.0,4.0,750.0,125.0,127.0,6.0,1336215600.0,0.62,0.0,18.0,0.54,0.0,2147483600.0,1832955400.0,31.0,0.0,997.0,1.0,32.0,1.0,287.0,4.0,8.773,0.02,0.998,0.329,154.509
61.0,0.0,1.0,223.0,4.0,8.0,4.0,739.0,126.0,128.0,6.0,1356796700.0,0.61,0.0,18.0,0.56,0.0,2147483600.0,1784177200.0,30.0,0.0,995.0,1.0,32.0,1.0,287.0,4.0,8.755,0.018,0.998,0.362,154.404
61.0,0.0,1.0,238.0,4.0,8.0,4.0,746.0,128.0,126.0,6.0,1358932900.0,0.63,0.0,18.0,0.57,0.0,2147483600.0,1851735300.0,29.0,0.0,971.0,1.0,32.0,1.0,297.0,4.0,11.177,0.017,0.997,0.386,154.369
62.0,0.0,1.0,232.0,4.0,8.0,4.0,734.0,124.0,128.0,6.0,1350043500.0,0.61,0.0,18.0,0.55,0.0,2131621900.0,1794800000.0,32.0,0.0,981.0,1.0,32.0,1.0,279.0,4.0,10.923,0.02,0.997,0.33,153.904
62.0,0.0,1.0,227.0,4.0,8.0,4.0,739.0,125.0,128.0,6.0,1361294100.0,0.61,0.0,18.0,0.56,0.0,2140761300.0,1801666800.0,31.0,0.0,997.0,1.0,32.0,1.0,282.0,4.0,7.188,0.018,0.997,0.354,153.483
61.0,0.0,1.0,233.0,4.0,8.0,4.0,738.0,127.0,128.0,6.0,1382956700.0,0.63,0.0,10.0,0.57,0.0,2147483600.0,1848236200.0,28.0,0.0,989.0,1.0,32.0,1.0,291.0,4.0,13.829,0.016,0.998,0.398,152.366
62.0,0.0,1.0,228.0,4.0,8.0,4.0,761.0,128.0,128.0,6.0,1370166900.0,0.6,0.0,10.0,0.55,0.0,2147483600.0,1812947700.0,28.0,0.0,981.0,1.0,32.0,1.0,287.0,4.0,9.39,0.02,0.999,0.336,150.502
61.0,0.0,1.0,255.0,4.0,8.0,4.0,738.0,122.0,126.0,6.0,1400031200.0,0.61,0.0,18.0,0.56,0.0,2108285600.0,1831944000.0,29.0,0.0,962.0,1.0,32.0,1.0,284.0,4.0,6.867,0.018,0.997,0.362,150.009
61.0,0.0,1.0,233.0,4.0,8.0,4.0,738.0,128.0,128.0,6.0,1340309400.0,0.61,0.0,18.0,0.57,0.0,2147483600.0,1853038300.0,30.0,0.0,1000.0,1.0,32.0,1.0,292.0,4.0,12.005,0.018,0.998,0.373,146.372
59.0,0.0,1.0,239.0,4.0,8.0,4.0,739.0,128.0,126.0,6.0,1373079800.0,0.63,0.0,18.0,0.59,0.0,2116329300.0,1774045600.0,32.0,0.0,957.0,1.0,32.0,1.0,282.0,4.0,0.637,0.02,0.998,0.342,146.103
60.0,0.0,1.0,233.0,4.0,8.0,4.0,740.0,128.0,126.0,6.0,1333445100.0,0.6,0.0,10.0,0.58,0.0,2146331100.0,1827996400.0,30.0,0.0,994.0,1.0,32.0,1.0,293.0,4.0,11.581,0.018,0.998,0.387,143.428
62.0,0.0,1.0,246.0,4.0,8.0,4.0,755.0,126.0,125.0,6.0,1346679600.0,0.62,0.0,18.0,0.56,0.0,2134575900.0,1774907900.0,31.0,0.0,964.0,1.0,32.0,1.0,284.0,4.0,4.918,0.019,0.996,0.367,143.065
61.0,0.0,1.0,249.0,4.0,8.0,4.0,759.0,126.0,126.0,6.0,1383887200.0,0.62,0.0,18.0,0.55,0.0,2111621900.0,1850916000.0,29.0,0.0,959.0,1.0,32.0,1.0,281.0,4.0,4.225,0.018,0.996,0.385,141.096
62.0,0.0,1.0,227.0,4.0,8.0,4.0,747.0,125.0,127.0,6.0,1363886800.0,0.61,0.0,10.0,0.55,0.0,2140859900.0,1776692700.0,28.0,0.0,976.0,1.0,32.0,1.0,296.0,4.0,11.487,0.019,0.998,0.381,140.886
61.0,0.0,1.0,254.0,4.0,8.0,4.0,742.0,125.0,124.0,6.0,1383400700.0,0.61,0.0,18.0,0.57,0.0,2110080500.0,1804246000.0,29.0,0.0,951.0,1.0,32.0,1.0,288.0,4.0,6.298,0.017,0.997,0.425,140.088
60.0,0.0,1.0,259.0,4.0,8.0,4.0,735.0,122.0,122.0,6.0,1371031300.0,0.61,0.0,18.0,0.57,0.0,2091984400.0,1805517300.0,31.0,0.0,956.0,1.0,32.0,1.0,279.0,4.0,5.777,0.021,0.998,0.341,139.549
60.0,0.0,1.0,235.0,4.0,8.0,4.0,739.0,128.0,128.0,6.0,1376168600.0,0.61,0.0,18.0,0.57,0.0,2147483600.0,1872629900.0,30.0,0.0,1000.0,1.0,32.0,1.0,293.0,4.0,12.354,0.017,0.998,0.417,138.29
60.0,0.0,1.0,227.0,4.0,8.0,4.0,716.0,125.0,126.0,6.0,1403533700.0,0.62,0.0,10.0,0.58,0.0,2147483600.0,1865405700.0,30.0,0.0,995.0,1.0,32.0,1.0,296.0,4.0,11.192,0.018,0.997,0.409,136.636
61.0,0.0,1.0,244.0,4.0,8.0,4.0,750.0,123.0,128.0,6.0,1374944600.0,0.63,0.0,18.0,0.55,0.0,2147483600.0,1816212700.0,30.0,0.0,953.0,1.0,32.0,1.0,284.0,4.0,5.465,0.019,0.996,0.395,135.735
61.0,0.0,1.0,228.0,4.0,8.0,4.0,742.0,126.0,128.0,6.0,1413857200.0,0.61,0.0,10.0,0.56,0.0,2147483600.0,1836987400.0,29.0,0.0,991.0,1.0,32.0,1.0,294.0,4.0,11.731,0.018,0.998,0.424,133.576
61.0,0.0,1.0,238.0,4.0,8.0,4.0,746.0,126.0,126.0,6.0,1338953100.0,0.61,0.0,10.0,0.56,0.0,2147483600.0,1828020000.0,29.0,0.0,990.0,1.0,32.0,1.0,293.0,4.0,11.775,0.017,0.997,0.449,133.352
59.0,0.0,1.0,249.0,4.0,8.0,4.0,736.0,126.0,119.0,6.0,1416310700.0,0.61,0.0,18.0,0.58,0.0,2109680300.0,1806422100.0,31.0,0.0,972.0,1.0,32.0,1.0,285.0,4.0,4.643,0.02,0.998,0.368,132.947
60.0,0.0,1.0,234.0,4.0,8.0,4.0,747.0,128.0,128.0,6.0,1329012000.0,0.6,0.0,10.0,0.57,0.0,2147483600.0,1811578800.0,30.0,0.0,987.0,1.0,32.0,1.0,294.0,4.0,13.84,0.018,0.998,0.423,132.689
61.0,0.0,1.0,243.0,4.0,8.0,4.0,746.0,128.0,126.0,6.0,1361434400.0,0.61,0.0,11.0,0.58,0.0,2147483600.0,1840898300.0,30.0,0.0,998.0,1.0,32.0,1.0,286.0,4.0,10.98,0.017,0.997,0.445,131.585
62.0,0.0,1.0,238.0,4.0,8.0,4.0,738.0,122.0,124.0,6.0,1360885600.0,0.62,0.0,10.0,0.56,0.0,2147483600.0,1822123000.0,29.0,0.0,984.0,1.0,32.0,1.0,298.0,4.0,9.785,0.017,0.996,0.459,131.17
58.0,0.0,1.0,259.0,4.0,8.0,4.0,737.0,124.0,121.0,6.0,1407930100.0,0.62,0.0,18.0,0.58,0.0,2123661400.0,1841632100.0,30.0,0.0,954.0,1.0,32.0,1.0,284.0,4.0,5.369,0.021,0.997,0.364,130.81
59.0,0.0,1.0,252.0,4.0,8.0,4.0,753.0,127.0,125.0,6.0,1357940900.0,0.62,0.0,18.0,0.57,0.0,2098561000.0,1787987000.0,32.0,0.0,949.0,1.0,32.0,1.0,283.0,4.0,5.853,0.021,0.997,0.368,129.893
61.0,0.0,1.0,234.0,4.0,8.0,4.0,747.0,128.0,125.0,6.0,1300753000.0,0.61,0.0,10.0,0.57,0.0,2147483600.0,1821010000.0,29.0,0.0,998.0,1.0,32.0,1.0,298.0,4.0,11.665,0.018,0.997,0.438,129.816
61.0,0.0,1.0,236.0,4.0,8.0,4.0,753.0,125.0,128.0,6.0,1328324900.0,0.62,0.0,18.0,0.55,0.0,2147483600.0,1839449600.0,28.0,0.0,971.0,1.0,32.0,1.0,296.0,4.0,9.453,0.019,0.997,0.408,129.571
61.0,0.0,1.0,234.0,4.0,8.0,4.0,759.0,128.0,127.0,6.0,1333571300.0,0.6,0.0,10.0,0.57,0.0,2147483600.0,1829208300.0,29.0,0.0,994.0,1.0,32.0,1.0,293.0,4.0,11.39,0.018,0.998,0.434,128.993
61.0,0.0,1.0,238.0,4.0,8.0,4.0,743.0,127.0,128.0,6.0,1355990300.0,0.61,0.0,18.0,0.55,0.0,2147483600.0,1842606700.0,29.0,0.0,992.0,1.0,32.0,1.0,290.0,4.0,9.381,0.018,0.998,0.443,128.23
61.0,0.0,1.0,236.0,4.0,8.0,4.0,753.0,128.0,128.0,6.0,1362194400.0,0.61,0.0,18.0,0.56,0.0,2147483600.0,1838587900.0,31.0,0.0,1000.0,1.0,32.0,1.0,281.0,4.0,9.898,0.02,0.998,0.397,128.187
62.0,0.0,1.0,237.0,4.0,8.0,4.0,752.0,121.0,128.0,6.0,1327357400.0,0.62,0.0,18.0,0.54,0.0,2147483600.0,1844924000.0,29.0,0.0,973.0,1.0,32.0,1.0,290.0,4.0,5.767,0.019,0.996,0.406,126.169
60.0,0.0,1.0,234.0,4.0,8.0,4.0,737.0,127.0,128.0,6.0,1348331800.0,0.61,0.0,10.0,0.57,0.0,2147483600.0,1854646400.0,30.0,0.0,990.0,1.0,32.0,1.0,292.0,4.0,12.073,0.017,0.998,0.482,124.648
61.0,0.0,1.0,237.0,4.0,8.0,4.0,760.0,128.0,128.0,6.0,1338576400.0,0.61,0.0,10.0,0.56,0.0,2147483600.0,1807115800.0,30.0,0.0,994.0,1.0,32.0,1.0,293.0,4.0,11.641,0.019,0.998,0.413,124.639
61.0,0.0,1.0,244.0,4.0,8.0,4.0,735.0,121.0,127.0,6.0,1374061800.0,0.63,0.0,18.0,0.56,0.0,2121390800.0,1832494600.0,32.0,0.0,977.0,1.0,32.0,1.0,282.0,4.0,8.129,0.02,0.996,0.401,124.612
60.0,0.0,1.0,239.0,4.0,8.0,4.0,733.0,122.0,121.0,6.0,1366732900.0,0.62,0.0,18.0,0.58,0.0,2103295600.0,1771020200.0,30.0,0.0,955.0,1.0,32.0,1.0,294.0,4.0,3.453,0.018,0.997,0.451,124.533
61.0,0.0,1.0,233.0,4.0,8.0,4.0,742.0,119.0,125.0,6.0,1366975400.0,0.64,0.0,18.0,0.56,0.0,2112098600.0,1783973400.0,30.0,0.0,951.0,1.0,32.0,1.0,291.0,4.0,5.24,0.018,0.996,0.435,124.467
61.0,0.0,1.0,247.0,4.0,8.0,4.0,749.0,126.0,124.0,6.0,1316677600.0,0.61,0.0,10.0,0.56,0.0,2147483600.0,1808083000.0,31.0,0.0,988.0,1.0,32.0,1.0,290.0,4.0,9.261,0.02,0.996,0.396,122.686
62.0,0.0,1.0,223.0,4.0,8.0,4.0,742.0,126.0,128.0,6.0,1324146200.0,0.6,0.0,16.0,0.54,0.0,2147483600.0,1824139400.0,30.0,0.0,998.0,1.0,32.0,1.0,287.0,4.0,10.908,0.018,0.998,0.458,122.418
62.0,0.0,1.0,234.0,4.0,8.0,4.0,744.0,128.0,128.0,6.0,1364284400.0,0.61,0.0,18.0,0.56,0.0,2147483600.0,1869910500.0,29.0,0.0,1000.0,1.0,32.0,1.0,290.0,4.0,11.631,0.018,0.998,0.457,122.175
62.0,0.0,1.0,231.0,4.0,8.0,4.0,763.0,128.0,128.0,6.0,1355778800.0,0.62,0.0,10.0,0.56,0.0,2147483600.0,1812713600.0,28.0,0.0,979.0,1.0,32.0,1.0,296.0,4.0,11.589,0.019,0.998,0.432,121.466
62.0,0.0,1.0,220.0,4.0,8.0,4.0,750.0,128.0,128.0,6.0,1355968600.0,0.61,0.0,12.0,0.55,0.0,2147483600.0,1841211400.0,29.0,0.0,1000.0,1.0,32.0,1.0,297.0,4.0,11.096,0.018,0.998,0.474,119.549
61.0,0.0,1.0,235.0,4.0,8.0,4.0,727.0,117.0,123.0,6.0,1416488800.0,0.63,0.0,18.0,0.56,0.0,2107252200.0,1774276100.0,28.0,0.0,954.0,1.0,32.0,1.0,295.0,4.0,2.458,0.02,0.996,0.416,119.292
62.0,0.0,1.0,245.0,4.0,8.0,4.0,750.0,128.0,128.0,6.0,1368561900.0,0.63,0.0,18.0,0.57,0.0,2147483600.0,1836142100.0,31.0,0.0,984.0,1.0,32.0,1.0,286.0,4.0,10.274,0.02,0.996,0.422,118.562
61.0,0.0,1.0,229.0,4.0,8.0,4.0,733.0,127.0,126.0,6.0,1338875300.0,0.62,0.0,10.0,0.57,0.0,2147483600.0,1837849300.0,30.0,0.0,995.0,1.0,32.0,1.0,296.0,4.0,9.64,0.017,0.997,0.496,116.597
61.0,0.0,1.0,236.0,4.0,8.0,4.0,741.0,128.0,128.0,6.0,1340170900.0,0.6,0.0,18.0,0.57,0.0,2147483600.0,1827562800.0,31.0,0.0,1000.0,1.0,32.0,1.0,292.0,4.0,8.04,0.02,0.996,0.428,116.596
61.0,0.0,1.0,244.0,4.0,8.0,4.0,748.0,127.0,128.0,6.0,1351209100.0,0.61,0.0,10.0,0.55,0.0,2147483600.0,1866048600.0,29.0,0.0,990.0,1.0,32.0,1.0,286.0,4.0,11.14,0.019,0.997,0.462,114.919
60.0,0.0,1.0,242.0,4.0,8.0,4.0,738.0,127.0,127.0,6.0,1343620400.0,0.6,0.0,10.0,0.57,0.0,2147483600.0,1841823700.0,30.0,0.0,997.0,1.0,32.0,1.0,294.0,4.0,11.82,0.019,0.997,0.469,114.146
60.0,0.0,1.0,238.0,4.0,8.0,4.0,743.0,128.0,128.0,6.0,1337193200.0,0.61,0.0,10.0,0.57,0.0,2147483600.0,1802672400.0,32.0,0.0,1000.0,1.0,32.0,1.0,290.0,4.0,13.829,0.02,0.997,0.451,111.851
61.0,0.0,1.0,235.0,4.0,8.0,4.0,733.0,128.0,125.0,6.0,1362383900.0,0.6,0.0,18.0,0.58,0.0,2147483600.0,1831193900.0,32.0,0.0,1000.0,1.0,32.0,1.0,291.0,4.0,10.93,0.02,0.996,0.45,111.84
62.0,0.0,1.0,238.0,4.0,8.0,4.0,773.0,127.0,128.0,6.0,1329858300.0,0.61,0.0,18.0,0.54,0.0,2147483600.0,1833587500.0,30.0,0.0,986.0,1.0,32.0,1.0,291.0,4.0,9.552,0.022,0.996,0.405,111.634
62.0,0.0,1.0,235.0,4.0,8.0,4.0,761.0,128.0,128.0,6.0,1335345200.0,0.62,0.0,11.0,0.54,0.0,2147483600.0,1848031900.0,30.0,0.0,1000.0,1.0,32.0,1.0,285.0,4.0,8.907,0.019,0.997,0.475,109.201
60.0,0.0,1.0,233.0,4.0,8.0,4.0,746.0,127.0,128.0,6.0,1339654100.0,0.61,0.0,10.0,0.55,0.0,2147483600.0,1871139000.0,30.0,0.0,1000.0,1.0,32.0,1.0,286.0,4.0,11.491,0.019,0.998,0.494,108.017
60.0,0.0,1.0,240.0,4.0,8.0,4.0,759.0,122.0,128.0,6.0,1309587000.0,0.61,0.0,10.0,0.52,0.0,2138868400.0,1806818000.0,30.0,0.0,975.0,1.0,32.0,1.0,284.0,4.0,9.245,0.021,0.995,0.447,107.987
61.0,0.0,1.0,224.0,4.0,8.0,4.0,743.0,128.0,128.0,6.0,1336819500.0,0.61,0.0,17.0,0.57,0.0,2147483600.0,1836478300.0,30.0,0.0,1000.0,1.0,32.0,1.0,293.0,4.0,11.46,0.019,0.998,0.525,102.458
61.0,0.0,1.0,241.0,4.0,8.0,4.0,749.0,125.0,127.0,6.0,1332279600.0,0.6,0.0,10.0,0.54,0.0,2147483600.0,1826022700.0,30.0,0.0,1000.0,1.0,32.0,1.0,290.0,4.0,9.751,0.021,0.997,0.476,101.792
62.0,0.0,1.0,227.0,4.0,8.0,4.0,742.0,127.0,128.0,6.0,1358276400.0,0.61,0.0,10.0,0.56,0.0,2147483600.0,1852805100.0,28.0,0.0,1000.0,1.0,32.0,1.0,297.0,4.0,13.954,0.021,0.999,0.485,99.918
59.0,0.0,1.0,258.0,4.0,8.0,4.0,723.0,123.0,123.0,6.0,1419690000.0,0.62,0.0,18.0,0.6,0.0,2101738600.0,1790220800.0,31.0,0.0,956.0,1.0,32.0,1.0,281.0,4.0,6.511,0.023,0.997,0.44,99.27
61.0,0.0,1.0,232.0,4.0,8.0,4.0,747.0,127.0,128.0,6.0,1340278900.0,0.6,0.0,10.0,0.54,0.0,2147483600.0,1845728300.0,29.0,0.0,993.0,1.0,32.0,1.0,288.0,4.0,14.165,0.019,0.998,0.531,99.124
61.0,0.0,1.0,242.0,4.0,8.0,4.0,747.0,128.0,127.0,6.0,1330779100.0,0.61,0.0,10.0,0.57,0.0,2147483600.0,1835525400.0,29.0,0.0,991.0,1.0,32.0,1.0,298.0,4.0,14.08,0.019,0.996,0.543,98.431
60.0,0.0,1.0,237.0,4.0,8.0,4.0,739.0,128.0,128.0,6.0,1370925600.0,0.59,0.0,10.0,0.56,0.0,2147483600.0,1869368600.0,29.0,0.0,1000.0,1.0,32.0,1.0,288.0,4.0,14.424,0.018,0.998,0.577,98.128
62.0,0.0,1.0,233.0,4.0,8.0,4.0,745.0,128.0,128.0,6.0,1363712300.0,0.62,0.0,10.0,0.57,0.0,2147483600.0,1821452500.0,30.0,0.0,990.0,1.0,32.0,1.0,299.0,4.0,14.333,0.018,0.997,0.568,97.909
62.0,0.0,1.0,222.0,4.0,8.0,4.0,754.0,128.0,128.0,6.0,1352532000.0,0.61,0.0,12.0,0.57,0.0,2147483600.0,1857084700.0,29.0,0.0,1000.0,1.0,32.0,1.0,292.0,4.0,11.815,0.016,0.998,0.639,97.729
60.0,0.0,1.0,229.0,4.0,8.0,4.0,729.0,128.0,128.0,6.0,1352645400.0,0.62,0.0,11.0,0.6,0.0,2147483600.0,1853582300.0,31.0,0.0,1000.0,1.0,32.0,1.0,294.0,4.0,9.318,0.019,0.996,0.531,97.129
62.0,0.0,1.0,223.0,4.0,8.0,4.0,737.0,127.0,128.0,6.0,1351106000.0,0.62,0.0,18.0,0.56,0.0,2147483600.0,1838172400.0,30.0,0.0,994.0,1.0,32.0,1.0,294.0,4.0,11.548,0.02,0.998,0.54,94.047
61.0,0.0,1.0,239.0,4.0,8.0,4.0,768.0,128.0,128.0,6.0,1333063400.0,0.6,0.0,18.0,0.53,0.0,2147483600.0,1857479400.0,29.0,0.0,1000.0,1.0,32.0,1.0,287.0,4.0,11.196,0.022,0.997,0.484,93.686
63.0,0.0,1.0,227.0,4.0,8.0,4.0,749.0,128.0,128.0,6.0,1322217100.0,0.62,0.0,10.0,0.57,0.0,2147483600.0,1825324200.0,30.0,0.0,995.0,1.0,32.0,1.0,291.0,4.0,9.395,0.02,0.997,0.542,91.708
61.0,0.0,1.0,237.0,4.0,8.0,4.0,760.0,128.0,128.0,6.0,1311854000.0,0.6,0.0,10.0,0.56,0.0,2147483600.0,1793239600.0,30.0,0.0,988.0,1.0,32.0,1.0,286.0,4.0,12.11,0.019,0.997,0.564,90.875
61.0,0.0,1.0,224.0,4.0,8.0,4.0,736.0,128.0,128.0,6.0,1374614300.0,0.62,0.0,10.0,0.58,0.0,2147483600.0,1841094400.0,29.0,0.0,1000.0,1.0,32.0,1.0,301.0,4.0,14.538,0.018,0.998,0.603,89.841
60.0,0.0,1.0,249.0,4.0,8.0,4.0,749.0,128.0,124.0,6.0,1342785800.0,0.61,0.0,18.0,0.6,0.0,2147483600.0,1788171000.0,34.0,0.0,996.0,1.0,32.0,1.0,281.0,4.0,7.513,0.025,0.994,0.445,89.007
61.0,0.0,1.0,221.0,4.0,8.0,4.0,756.0,128.0,128.0,6.0,1301285500.0,0.62,0.0,10.0,0.55,0.0,2147483600.0,1785380900.0,30.0,0.0,988.0,1.0,32.0,1.0,303.0,4.0,13.843,0.023,0.998,0.494,88.01
62.0,0.0,1.0,233.0,4.0,8.0,4.0,754.0,125.0,128.0,6.0,1352135000.0,0.61,0.0,18.0,0.53,0.0,2147483600.0,1859271400.0,28.0,0.0,1000.0,1.0,32.0,1.0,295.0,4.0,10.45,0.022,0.996,0.526,87.42
63.0,0.0,1.0,220.0,4.0,8.0,4.0,739.0,124.0,128.0,6.0,1340501600.0,0.62,0.0,10.0,0.55,0.0,2147483600.0,1805101800.0,30.0,0.0,995.0,1.0,32.0,1.0,294.0,4.0,14.082,0.021,0.997,0.555,86.191
63.0,0.0,1.0,228.0,4.0,8.0,4.0,750.0,128.0,127.0,6.0,1337347300.0,0.62,0.0,10.0,0.56,0.0,2147483600.0,1829545300.0,30.0,0.0,1000.0,1.0,32.0,1.0,293.0,4.0,12.116,0.02,0.997,0.578,84.424
61.0,0.0,1.0,225.0,4.0,8.0,4.0,744.0,128.0,128.0,6.0,1331643100.0,0.61,0.0,10.0,0.58,0.0,2147483600.0,1856798100.0,29.0,0.0,1000.0,1.0,32.0,1.0,294.0,4.0,14.53,0.02,0.998,0.606,83.02
60.0,0.0,1.0,246.0,4.0,8.0,4.0,747.0,128.0,127.0,6.0,1347109400.0,0.62,0.0,10.0,0.59,0.0,2147483600.0,1872989200.0,31.0,0.0,1000.0,1.0,32.0,1.0,288.0,4.0,9.897,0.021,0.995,0.564,82.86
61.0,0.0,1.0,224.0,4.0,8.0,4.0,758.0,128.0,128.0,6.0,1362784300.0,0.61,0.0,10.0,0.55,0.0,2147483600.0,1858245400.0,29.0,0.0,1000.0,1.0,32.0,1.0,290.0,4.0,14.533,0.02,0.998,0.607,82.149
59.0,0.0,1.0,250.0,4.0,8.0,4.0,720.0,127.0,123.0,6.0,1373903100.0,0.63,0.0,18.0,0.61,0.0,2147483600.0,1806208300.0,35.0,0.0,984.0,1.0,32.0,1.0,282.0,4.0,7.003,0.026,0.995,0.474,80.622
60.0,0.0,1.0,248.0,4.0,8.0,4.0,738.0,121.0,125.0,6.0,1406432800.0,0.62,0.0,18.0,0.56,0.0,2083748900.0,1755256300.0,31.0,0.0,944.0,1.0,32.0,1.0,289.0,4.0,6.43,0.021,0.996,0.606,79.551
62.0,0.0,1.0,228.0,4.0,8.0,4.0,755.0,128.0,128.0,6.0,1297277800.0,0.61,0.0,10.0,0.55,0.0,2147483600.0,1854163200.0,30.0,0.0,1000.0,1.0,32.0,1.0,288.0,4.0,11.636,0.023,0.998,0.558,79.302
61.0,0.0,1.0,242.0,4.0,8.0,4.0,760.0,127.0,128.0,6.0,1333990700.0,0.59,0.0,10.0,0.53,0.0,2147483600.0,1823264600.0,30.0,0.0,1000.0,1.0,32.0,1.0,277.0,4.0,10.982,0.023,0.996,0.545,77.89
61.0,0.0,1.0,232.0,4.0,8.0,4.0,761.0,128.0,128.0,6.0,1307762700.0,0.59,0.0,10.0,0.55,0.0,2147483600.0,1838595500.0,30.0,0.0,1000.0,1.0,32.0,1.0,285.0,4.0,14.375,0.022,0.997,0.603,75.956
62.0,0.0,1.0,222.0,4.0,8.0,4.0,763.0,128.0,128.0,6.0,1327452700.0,0.61,0.0,10.0,0.53,0.0,2147483600.0,1814407700.0,29.0,0.0,1000.0,1.0,32.0,1.0,299.0,4.0,14.138,0.024,0.998,0.555,75.916
60.0,0.0,1.0,219.0,4.0,8.0,4.0,741.0,128.0,128.0,6.0,1348355600.0,0.6,0.0,10.0,0.58,0.0,2147483600.0,1819578900.0,30.0,0.0,1000.0,1.0,32.0,1.0,298.0,4.0,14.703,0.021,0.998,0.622,75.741
60.0,0.0,1.0,245.0,4.0,8.0,4.0,719.0,120.0,120.0,6.0,1454885900.0,0.62,0.0,18.0,0.6,0.0,2056860000.0,1777936100.0,31.0,0.0,954.0,1.0,32.0,1.0,285.0,4.0,5.026,0.024,0.997,0.553,75.381
62.0,0.0,1.0,225.0,4.0,8.0,4.0,765.0,128.0,128.0,6.0,1308928900.0,0.61,0.0,10.0,0.55,0.0,2147483600.0,1828943900.0,28.0,0.0,999.0,1.0,32.0,1.0,295.0,4.0,12.063,0.024,0.997,0.567,74.675
62.0,0.0,1.0,249.0,4.0,8.0,4.0,765.0,127.0,128.0,6.0,1334534400.0,0.6,0.0,18.0,0.53,0.0,2147483600.0,1838735200.0,30.0,0.0,992.0,1.0,32.0,1.0,273.0,4.0,10.775,0.025,0.994,0.525,74.65
59.0,0.0,1.0,235.0,4.0,8.0,4.0,759.0,128.0,128.0,6.0,1335878400.0,0.59,0.0,10.0,0.55,0.0,2147483600.0,1847040800.0,31.0,0.0,1000.0,1.0,32.0,1.0,286.0,4.0,14.355,0.022,0.996,0.6,74.275
61.0,0.0,1.0,222.0,4.0,8.0,4.0,759.0,128.0,128.0,6.0,1373227900.0,0.6,0.0,10.0,0.54,0.0,2147483600.0,1863496400.0,27.0,0.0,1000.0,1.0,32.0,1.0,300.0,4.0,12.015,0.025,0.998,0.536,73.563
61.0,0.0,1.0,231.0,4.0,8.0,4.0,748.0,128.0,128.0,6.0,1311296800.0,0.59,0.0,10.0,0.54,0.0,2147483600.0,1840564200.0,29.0,0.0,1000.0,1.0,32.0,1.0,285.0,4.0,14.585,0.021,0.997,0.664,72.909
61.0,0.0,1.0,226.0,4.0,8.0,4.0,750.0,128.0,128.0,6.0,1320082800.0,0.6,0.0,10.0,0.57,0.0,2147483600.0,1829596900.0,29.0,0.0,1000.0,1.0,32.0,1.0,302.0,4.0,14.697,0.021,0.997,0.667,72.22
62.0,0.0,1.0,206.0,4.0,8.0,4.0,734.0,126.0,128.0,6.0,1331987700.0,0.61,0.0,10.0,0.56,0.0,2147483600.0,1805366900.0,28.0,0.0,1000.0,1.0,32.0,1.0,310.0,4.0,14.086,0.025,0.998,0.563,71.945
62.0,0.0,1.0,224.0,4.0,8.0,4.0,760.0,126.0,128.0,6.0,1306494100.0,0.61,0.0,10.0,0.53,0.0,2147483600.0,1826694900.0,28.0,0.0,999.0,1.0,32.0,1.0,297.0,4.0,13.926,0.024,0.997,0.569,71.734
62.0,0.0,1.0,227.0,4.0,8.0,4.0,762.0,128.0,128.0,6.0,1307461000.0,0.61,0.0,10.0,0.53,0.0,2147483600.0,1795488000.0,30.0,0.0,1000.0,1.0,32.0,1.0,289.0,4.0,14.175,0.023,0.997,0.605,71.386
62.0,0.0,1.0,231.0,4.0,8.0,4.0,764.0,128.0,128.0,6.0,1340408600.0,0.61,0.0,10.0,0.54,0.0,2147483600.0,1884353800.0,28.0,0.0,1000.0,1.0,32.0,1.0,292.0,4.0,11.905,0.023,0.998,0.608,70.929
61.0,0.0,1.0,235.0,4.0,8.0,4.0,755.0,128.0,128.0,6.0,1324648700.0,0.6,0.0,10.0,0.54,0.0,2147483600.0,1847609700.0,30.0,0.0,1000.0,1.0,32.0,1.0,284.0,4.0,14.718,0.021,0.997,0.681,69.756
61.0,0.0,1.0,228.0,4.0,8.0,4.0,752.0,128.0,128.0,6.0,1310139300.0,0.6,0.0,10.0,0.57,0.0,2147483600.0,1826992900.0,27.0,0.0,990.0,1.0,32.0,1.0,298.0,4.0,14.593,0.022,0.998,0.641,69.68
62.0,0.0,1.0,221.0,4.0,8.0,4.0,754.0,128.0,128.0,6.0,1316309500.0,0.6,0.0,10.0,0.55,0.0,2147483600.0,1844070300.0,29.0,0.0,1000.0,1.0,32.0,1.0,291.0,4.0,14.629,0.023,0.998,0.649,68.15
62.0,0.0,1.0,233.0,4.0,8.0,4.0,755.0,128.0,128.0,6.0,1322212600.0,0.6,0.0,10.0,0.56,0.0,2147483600.0,1861130200.0,29.0,0.0,1000.0,1.0,32.0,1.0,295.0,4.0,14.739,0.021,0.997,0.716,66.913
60.0,0.0,1.0,266.0,4.0,8.0,4.0,738.0,121.0,123.0,6.0,1336288800.0,0.62,0.0,18.0,0.55,0.0,2108559100.0,1784837100.0,32.0,0.0,946.0,1.0,32.0,1.0,270.0,4.0,1.969,0.026,0.995,0.564,66.611
61.0,0.0,1.0,220.0,4.0,8.0,4.0,749.0,128.0,128.0,6.0,1317720800.0,0.6,0.0,10.0,0.57,0.0,2147483600.0,1842281300.0,29.0,0.0,1000.0,1.0,32.0,1.0,301.0,4.0,14.957,0.022,0.998,0.711,64.366
60.0,0.0,1.0,259.0,4.0,8.0,4.0,713.0,122.0,116.0,6.0,1399248400.0,0.62,0.0,18.0,0.6,0.0,2088473100.0,1735125800.0,32.0,0.0,960.0,1.0,32.0,1.0,285.0,4.0,5.114,0.027,0.995,0.578,63.976
62.0,0.0,1.0,215.0,4.0,8.0,4.0,754.0,126.0,128.0,6.0,1297571200.0,0.59,0.0,10.0,0.53,0.0,2147483600.0,1811471400.0,30.0,0.0,1000.0,1.0,32.0,1.0,295.0,4.0,14.051,0.026,0.997,0.592,63.654
61.0,0.0,1.0,238.0,4.0,8.0,4.0,754.0,128.0,128.0,6.0,1327436500.0,0.59,0.0,10.0,0.54,0.0,2147483600.0,1838001400.0,30.0,0.0,1000.0,1.0,32.0,1.0,289.0,4.0,14.737,0.022,0.997,0.706,63.122
62.0,0.0,1.0,226.0,4.0,8.0,4.0,764.0,128.0,128.0,6.0,1291346700.0,0.6,0.0,10.0,0.54,0.0,2147483600.0,1837733500.0,29.0,0.0,1000.0,1.0,32.0,1.0,291.0,4.0,14.65,0.023,0.997,0.7,60.709
60.0,0.0,1.0,222.0,4.0,8.0,4.0,739.0,128.0,128.0,6.0,1298500100.0,0.61,0.0,10.0,0.57,0.0,2147483600.0,1859893400.0,30.0,0.0,1000.0,1.0,32.0,1.0,300.0,4.0,15.087,0.022,0.997,0.766,59.706
62.0,0.0,1.0,224.0,4.0,8.0,4.0,764.0,128.0,128.0,6.0,1314190600.0,0.6,0.0,10.0,0.54,0.0,2147483600.0,1850331900.0,28.0,0.0,1000.0,1.0,32.0,1.0,290.0,4.0,14.678,0.025,0.998,0.705,57.494
59.0,0.0,1.0,259.0,4.0,8.0,4.0,718.0,119.0,122.0,6.0,1393779700.0,0.62,0.0,18.0,0.58,0.0,2057404700.0,1796028700.0,33.0,0.0,949.0,1.0,32.0,1.0,274.0,4.0,9.138,0.027,0.998,0.649,56.741
59.0,0.0,1.0,263.0,4.0,8.0,4.0,724.0,120.0,117.0,6.0,1407327400.0,0.62,0.0,18.0,0.6,0.0,2062744000.0,1786369500.0,31.0,0.0,942.0,1.0,32.0,1.0,286.0,4.0,3.682,0.027,0.995,0.65,56.596
62.0,0.0,1.0,225.0,4.0,8.0,4.0,765.0,128.0,128.0,6.0,1305242200.0,0.59,0.0,10.0,0.53,0.0,2147483600.0,1843535600.0,28.0,0.0,1000.0,1.0,32.0,1.0,294.0,4.0,14.515,0.026,0.998,0.672,56.318
63.0,0.0,1.0,227.0,4.0,8.0,4.0,760.0,128.0,128.0,6.0,1321332600.0,0.6,0.0,10.0,0.57,0.0,2147483600.0,1831736600.0,28.0,0.0,1000.0,1.0,32.0,1.0,299.0,4.0,14.881,0.023,0.997,0.766,56.14
61.0,0.0,1.0,220.0,4.0,8.0,4.0,760.0,128.0,128.0,6.0,1325649400.0,0.61,0.0,10.0,0.56,0.0,2147483600.0,1869847300.0,28.0,0.0,1000.0,1.0,32.0,1.0,298.0,4.0,15.205,0.024,0.998,0.78,54.112
64.0,0.0,1.0,214.0,4.0,8.0,4.0,770.0,128.0,128.0,6.0,1333624300.0,0.62,0.0,10.0,0.53,0.0,2147483600.0,1843064800.0,28.0,0.0,1000.0,1.0,32.0,1.0,292.0,4.0,14.347,0.027,0.997,0.69,54.013
63.0,0.0,1.0,226.0,4.0,8.0,4.0,764.0,128.0,128.0,6.0,1313501700.0,0.6,0.0,10.0,0.53,0.0,2147483600.0,1847547300.0,29.0,0.0,1000.0,1.0,32.0,1.0,287.0,4.0,14.908,0.024,0.997,0.781,53.562
60.0,0.0,1.0,218.0,4.0,8.0,4.0,753.0,128.0,128.0,6.0,1290649600.0,0.59,0.0,10.0,0.56,0.0,2147483600.0,1852049200.0,30.0,0.0,1000.0,1.0,32.0,1.0,291.0,4.0,15.177,0.024,0.997,0.784,53.34
61.0,0.0,1.0,221.0,4.0,8.0,4.0,741.0,128.0,128.0,6.0,1350532400.0,0.6,0.0,10.0,0.56,0.0,2147483600.0,1862036000.0,29.0,0.0,1000.0,1.0,32.0,1.0,299.0,4.0,15.693,0.021,0.997,0.905,52.089
61.0,0.0,1.0,222.0,4.0,8.0,4.0,770.0,128.0,128.0,6.0,1280709600.0,0.6,0.0,10.0,0.52,0.0,2147483600.0,1839892600.0,27.0,0.0,988.0,1.0,32.0,1.0,301.0,4.0,14.347,0.029,0.997,0.668,51.788
62.0,0.0,1.0,230.0,4.0,8.0,4.0,775.0,128.0,128.0,6.0,1299840500.0,0.6,0.0,10.0,0.52,0.0,2147483600.0,1871993300.0,28.0,0.0,1000.0,1.0,32.0,1.0,297.0,4.0,14.542,0.027,0.996,0.732,49.961
62.0,0.0,1.0,218.0,4.0,8.0,4.0,759.0,128.0,128.0,6.0,1310501400.0,0.59,0.0,10.0,0.54,0.0,2147483600.0,1823861800.0,27.0,0.0,1000.0,1.0,32.0,1.0,298.0,4.0,14.783,0.028,0.998,0.73,49.272
62.0,0.0,1.0,210.0,4.0,8.0,4.0,766.0,128.0,128.0,6.0,1315414900.0,0.61,0.0,10.0,0.54,0.0,2147483600.0,1830017300.0,29.0,0.0,1000.0,1.0,32.0,1.0,299.0,4.0,15.185,0.026,0.998,0.789,49.126
60.0,0.0,1.0,217.0,4.0,8.0,4.0,751.0,128.0,128.0,6.0,1304122100.0,0.6,0.0,10.0,0.56,0.0,2147483600.0,1866128500.0,28.0,0.0,1000.0,1.0,32.0,1.0,305.0,4.0,15.298,0.025,0.997,0.811,49.075
61.0,0.0,1.0,233.0,4.0,8.0,4.0,758.0,128.0,128.0,6.0,1292127100.0,0.59,0.0,10.0,0.56,0.0,2147483600.0,1866214000.0,29.0,0.0,1000.0,1.0,32.0,1.0,298.0,4.0,15.622,0.022,0.996,0.925,48.454
62.0,0.0,1.0,218.0,4.0,8.0,4.0,766.0,128.0,128.0,6.0,1316055200.0,0.61,0.0,10.0,0.54,0.0,2147483600.0,1842324900.0,28.0,0.0,1000.0,1.0,32.0,1.0,307.0,4.0,14.78,0.027,0.997,0.766,48.095
63.0,0.0,1.0,214.0,4.0,8.0,4.0,759.0,128.0,128.0,6.0,1290797000.0,0.6,0.0,10.0,0.53,0.0,2147483600.0,1822074900.0,28.0,0.0,1000.0,1.0,32.0,1.0,299.0,4.0,14.665,0.028,0.998,0.733,47.944
63.0,0.0,1.0,222.0,4.0,8.0,4.0,756.0,128.0,128.0,6.0,1325145100.0,0.6,0.0,10.0,0.54,0.0,2147483600.0,1855978500.0,29.0,0.0,1000.0,1.0,32.0,1.0,292.0,4.0,15.452,0.024,0.998,0.881,47.337
61.0,0.0,1.0,260.0,4.0,7.0,4.0,747.0,124.0,121.0,6.0,1409989600.0,0.6,0.0,18.0,0.57,0.0,2044465500.0,1815223700.0,31.0,0.0,951.0,1.0,32.0,1.0,271.0,4.0,9.97,0.03,0.994,0.701,47.004
62.0,0.0,1.0,216.0,4.0,8.0,4.0,762.0,128.0,128.0,6.0,1296061300.0,0.6,0.0,10.0,0.56,0.0,2147483600.0,1865065200.0,31.0,0.0,1000.0,1.0,32.0,1.0,292.0,4.0,15.206,0.027,0.997,0.806,46.167
63.0,0.0,1.0,209.0,4.0,8.0,4.0,760.0,128.0,128.0,6.0,1319726300.0,0.61,0.0,10.0,0.55,0.0,2147483600.0,1854362100.0,28.0,0.0,1000.0,1.0,32.0,1.0,302.0,4.0,15.095,0.028,0.999,0.788,45.83
62.0,0.0,1.0,218.0,4.0,8.0,4.0,762.0,128.0,128.0,6.0,1320630500.0,0.6,0.0,10.0,0.55,0.0,2147483600.0,1840481800.0,27.0,0.0,1000.0,1.0,32.0,1.0,300.0,4.0,15.389,0.027,0.998,0.872,42.419
62.0,0.0,1.0,217.0,4.0,8.0,4.0,756.0,128.0,128.0,6.0,1305591600.0,0.6,0.0,10.0,0.55,0.0,2147483600.0,1834818800.0,29.0,0.0,1000.0,1.0,32.0,1.0,297.0,4.0,15.967,0.024,0.997,0.993,41.511
61.0,0.0,1.0,222.0,4.0,8.0,4.0,769.0,128.0,128.0,6.0,1288366500.0,0.59,0.0,10.0,0.53,0.0,2147483600.0,1873092200.0,28.0,0.0,1000.0,1.0,32.0,1.0,292.0,4.0,15.497,0.027,0.998,0.884,41.488
61.0,0.0,1.0,200.0,4.0,8.0,4.0,755.0,128.0,128.0,6.0,1284978000.0,0.59,0.0,10.0,0.54,0.0,2147483600.0,1823389300.0,28.0,0.0,1000.0,1.0,32.0,1.0,305.0,4.0,14.993,0.03,0.998,0.802,41.334
59.0,0.0,1.0,259.0,4.0,7.0,4.0,727.0,122.0,118.0,6.0,1426048000.0,0.64,0.0,18.0,0.6,0.0,2078246100.0,1780989300.0,32.0,0.0,927.0,1.0,32.0,1.0,286.0,4.0,8.292,0.033,0.997,0.743,40.147
62.0,0.0,1.0,215.0,4.0,8.0,4.0,759.0,128.0,128.0,6.0,1260445300.0,0.59,0.0,10.0,0.53,0.0,2147483600.0,1845762000.0,31.0,0.0,1000.0,1.0,32.0,1.0,289.0,4.0,15.158,0.03,0.997,0.845,39.977
62.0,0.0,1.0,205.0,4.0,8.0,4.0,758.0,128.0,128.0,6.0,1318888200.0,0.61,0.0,10.0,0.52,0.0,2147483600.0,1857323900.0,27.0,0.0,1000.0,1.0,32.0,1.0,300.0,4.0,15.246,0.031,0.999,0.846,38.592
62.0,0.0,1.0,216.0,4.0,8.0,4.0,764.0,128.0,128.0,6.0,1301296500.0,0.59,0.0,10.0,0.53,0.0,2147483600.0,1849141900.0,28.0,0.0,1000.0,1.0,32.0,1.0,296.0,4.0,15.682,0.028,0.997,0.955,37.02
63.0,0.0,1.0,211.0,4.0,8.0,4.0,769.0,128.0,128.0,6.0,1286712200.0,0.6,0.0,10.0,0.53,0.0,2147483600.0,1859243000.0,27.0,0.0,1000.0,1.0,32.0,1.0,297.0,4.0,15.274,0.031,0.998,0.884,36.073
62.0,0.0,1.0,217.0,4.0,8.0,4.0,773.0,128.0,128.0,6.0,1299950300.0,0.6,0.0,10.0,0.52,0.0,2147483600.0,1889672200.0,28.0,0.0,1000.0,1.0,32.0,1.0,296.0,4.0,15.611,0.029,0.997,0.956,35.449
58.0,0.0,1.0,255.0,4.0,7.0,4.0,709.0,119.0,116.0,6.0,1408690200.0,0.63,0.0,18.0,0.6,0.0,2030608100.0,1790319200.0,32.0,0.0,945.0,1.0,32.0,1.0,284.0,4.0,11.331,0.034,0.997,0.849,34.127
59.0,0.0,1.0,266.0,4.0,8.0,4.0,703.0,112.0,118.0,6.0,1420605400.0,0.64,0.0,18.0,0.59,0.0,2040485000.0,1736950000.0,32.0,0.0,929.0,1.0,32.0,1.0,284.0,4.0,6.653,0.034,0.997,0.858,33.68
62.0,0.0,1.0,214.0,4.0,8.0,4.0,790.0,128.0,128.0,6.0,1237219800.0,0.6,0.0,10.0,0.51,0.0,2147483600.0,1846567700.0,28.0,0.0,1000.0,1.0,32.0,1.0,297.0,4.0,15.156,0.032,0.996,0.919,33.519
62.0,0.0,1.0,209.0,4.0,8.0,4.0,753.0,128.0,128.0,6.0,1300812700.0,0.6,0.0,10.0,0.53,0.0,2147483600.0,1837278000.0,26.0,0.0,1000.0,1.0,32.0,1.0,305.0,4.0,15.831,0.032,0.998,0.992,31.771
61.0,0.0,1.0,217.0,4.0,8.0,4.0,761.0,128.0,128.0,6.0,1274976300.0,0.59,0.0,10.0,0.54,0.0,2147483600.0,1892160500.0,27.0,0.0,1000.0,1.0,32.0,1.0,303.0,4.0,16.413,0.03,0.998,1.111,29.525
63.0,0.0,1.0,209.0,4.0,8.0,4.0,776.0,128.0,128.0,6.0,1261787800.0,0.59,0.0,10.0,0.54,0.0,2147483600.0,1878538400.0,28.0,0.0,1000.0,1.0,32.0,1.0,302.0,4.0,16.588,0.032,0.998,1.189,25.934
62.0,0.0,1.0,202.0,4.0,8.0,3.0,753.0,128.0,128.0,6.0,1277050100.0,0.6,0.0,10.0,0.54,0.0,2147483600.0,1840020000.0,29.0,0.0,1000.0,1.0,32.0,1.0,303.0,4.0,16.409,0.038,0.997,1.128,23.27
64.0,0.0,1.0,203.0,4.0,8.0,3.0,767.0,128.0,128.0,6.0,1308913500.0,0.61,0.0,10.0,0.53,0.0,2147483600.0,1841181300.0,26.0,0.0,1000.0,1.0,32.0,1.0,301.0,4.0,16.136,0.043,0.998,1.083,21.652
64.0,0.0,1.0,201.0,4.0,8.0,3.0,772.0,128.0,128.0,6.0,1263453200.0,0.59,0.0,10.0,0.51,0.0,2147483600.0,1852816900.0,27.0,0.0,1000.0,1.0,32.0,1.0,300.0,4.0,16.446,0.046,0.998,1.206,18.109
