
2022-02-07 10:44:49
训练时长0m2s使用算法: ada
0.0655979821144535
3
0.11439949206356
0.11075345283268122
0.10577223624605205
0.12163553519436848
0.11834712439112327
0.11584830144876235
0.10944260220246425
0.10863673398529505
0.11066076132641607
0.11561251061352834
0.11915766726062126
0.11779695491111482
0.1152132496046807
0.10972868370163359
0.1165823984459562
0.11186752591187672
0.11711337930572085
0.11836624484867003
0.1071365291666115
0.10139689678692398
0.0998352598371494
0.1024954715705652
0.10316144647632423
0.06961672560779955
0.0655979821144535
0.12462439043394614
