
2022-01-23 17:25:32
训练时长0m3s使用算法: rf
0.14100887235063828
17
0.1428905526768256
0.14271316272164863
0.141858804360347
0.14283934364742462
0.14690830460788148
0.14100887235063828
0.14210125889021577
0.14817299534694017
0.141880987966645
0.14401219552631792
0.14351362010515425
0.1462909609875811

2022-01-23 17:31:14
训练时长0m3s使用算法: rf
0.07614960795980634
13
0.08181141315394869
0.08472535933970798
0.0830193564071471
0.08303252245831923
0.08051926336473153
0.08203973941345284
0.07854724843717009
0.07614960795980634
0.07852715248971505
0.07668233691249893
0.08122478873991262
0.09411733482631557

2022-01-23 17:34:09
训练时长0m3s使用算法: rf
0.07680609277060113
13
0.08365037361377237
0.08340327002625471
0.08198619189207666
0.08201247548492956
0.08392623306393081
0.08311254223695029
0.08033313524875428
0.07680609277060113
0.07852407702336126
0.07762050537523053
0.07989738688074614
0.07997921162581278

2022-01-23 17:59:25
训练时长0m3s使用算法: rf
0.07775344439326831
9
0.08344019200308277
0.08229837778347283
0.08504833927720624
0.0841155587201327
0.08276140370357811
0.08348394888838513
0.08225114496691738
0.07804904956417118
0.07933308774313966
0.07775344439326831
0.08114416742729545
0.07794063666805362

2022-01-23 17:59:53
训练时长0m3s使用算法: rf
0.07668254151612708
9
0.0781502196218909
0.08204881362496234
0.08134988955876586
0.08422275188469208
0.08140282543013776
0.08188388959010663
0.07908642328638237
0.07889117912898995
0.07689034718269043
0.07668254151612708
0.08098696257534992
0.09457791331527514
