
2022-01-23 17:25:34
训练时长0m1s使用算法: xgb
0.08913419315476938
7
0.09388125100579132
0.09603330011000706
0.09607442085951445
0.09556067844522496
0.096002654028569
0.09556392425969355
0.09884541703526395
0.09850089201953817
0.09958814165729703
0.09509662655656655
0.08913419315476938
0.10094565747805405

2022-01-23 17:31:16
训练时长0m1s使用算法: xgb
0.06991802393029392
27
0.06991802393029392
0.07304809882094003
0.07044484527472998
0.07323113226302154
0.07044487134120332
0.0731863186026835
0.07335388495370514
0.07515522258083138
0.07259030230257853
0.07388074114511914
0.09793576833149993
0.09016548742834764

2022-01-23 17:34:11
训练时长0m1s使用算法: xgb
0.07127865551823644
25
0.073709163110918
0.07127865551823644
0.07310691563148224
0.07146697892179084
0.07310826894890902
0.07143170575312592
0.07377697833888144
0.07434031027014698
0.0718958049672908
0.07250722712041775
0.09320591018049605
0.08949403900247767

2022-01-23 17:59:27
训练时长0m1s使用算法: xgb
0.07141088478532184
23
0.07436855409175074
0.07226889119753054
0.07141088478532184
0.0730702319600995
0.07141197056860878
0.07302595357915444
0.07387567065138602
0.07449306747888361
0.07202988969625489
0.0788658047273947
0.09101372157197152
0.08047005614206594

2022-01-23 17:59:55
训练时长0m1s使用算法: xgb
0.0714859662778974
23
0.07347418835731485
0.07273262120967258
0.0714859662778974
0.07308793273779016
0.07148705206118434
0.0730436432975676
0.07371127904762517
0.07441246516797462
0.07259030230257853
0.07388074114511914
0.09793576833149993
0.09016548742834764
