
2022-02-08 11:25:29
训练时长0m2s使用算法: ada
0.05589048375313475
14
0.06732104636626236
0.06923269942448879
0.06422415671526623
0.07528290802863591
0.061814323473452594
0.0671614524824752
0.06793280072613876
0.06232123584665442
0.05690257543165624
0.0640068529479657
0.06351957700898857
0.05861054754423753
0.06161035016774961
0.05589048375313475
0.06662015780571919
0.05860104778776048
0.06059458108640097
0.061090738225665527
0.05771663364558496
0.08216534994577822
0.09044587311031049
0.0903349528031529
0.09812292818347519
0.09539424048800066
0.09669972048217113
0.10091947764527102
