
2022-02-07 10:43:43
训练时长0m6s使用算法: rf
0.1129847594390676
6
0.15296481827128083
0.1339689031645109
0.14988305001177502
0.1267951817107955
0.14458448050538578
0.1461013547748386
0.13204203693958377
0.14840252474994872
0.14207996237710313
0.13167207661636685
0.14883089227076085
0.13334092780174464
0.13506609139168724
0.13823441586272525
0.1326260391707195
0.14058824351484342
0.13328265553480992
0.13008192844180302
0.13846659722683377
0.12659108142021638
0.12362367726707124
0.1129847594390676
0.12188839971173615
0.14480598031912886
0.12960669453262322
0.1462832988281847
