
2022-01-23 17:25:32
训练时长0m3s使用算法: rf
0.14100887235063828
17
0.1428905526768256
0.14271316272164863
0.141858804360347
0.14283934364742462
0.14690830460788148
0.14100887235063828
0.14210125889021577
0.14817299534694017
0.141880987966645
0.14401219552631792
0.14351362010515425
0.1462909609875811

2022-01-23 17:31:14
训练时长0m3s使用算法: rf
0.07614960795980634
13
0.08181141315394869
0.08472535933970798
0.0830193564071471
0.08303252245831923
0.08051926336473153
0.08203973941345284
0.07854724843717009
0.07614960795980634
0.07852715248971505
0.07668233691249893
0.08122478873991262
0.09411733482631557

2022-01-23 17:34:09
训练时长0m3s使用算法: rf
0.07680609277060113
13
0.08365037361377237
0.08340327002625471
0.08198619189207666
0.08201247548492956
0.08392623306393081
0.08311254223695029
0.08033313524875428
0.07680609277060113
0.07852407702336126
0.07762050537523053
0.07989738688074614
0.07997921162581278

2022-01-23 17:59:25
训练时长0m3s使用算法: rf
0.07775344439326831
9
0.08344019200308277
0.08229837778347283
0.08504833927720624
0.0841155587201327
0.08276140370357811
0.08348394888838513
0.08225114496691738
0.07804904956417118
0.07933308774313966
0.07775344439326831
0.08114416742729545
0.07794063666805362

2022-01-23 17:59:53
训练时长0m3s使用算法: rf
0.07668254151612708
9
0.0781502196218909
0.08204881362496234
0.08134988955876586
0.08422275188469208
0.08140282543013776
0.08188388959010663
0.07908642328638237
0.07889117912898995
0.07689034718269043
0.07668254151612708
0.08098696257534992
0.09457791331527514

2022-01-25 11:27:36
训练时长0m7s使用算法: rf
0.047193683240960016
23
0.0482827852562857
0.05128132399053261
0.04872643392903053
0.04947840283266972
0.047193683240960016
0.04939429541738264
0.050954317283412015
0.048985105855301386
0.05028242211963734
0.05337880791000945
0.05022950874695228
0.052273124610662525
0.05042019487497849
0.051087560225171275
0.05267320664602123
0.05336575029911613
0.04956116974650623
0.0488427241551079
0.05098581258030326
0.053379592882206235
0.05100546023154226
0.05302758212386238
0.057548164159859076
0.05602638681492913
0.06423422556488567
0.06252214203055559

2022-01-25 11:35:25
训练时长0m6s使用算法: rf
0.04642424381026202
27
0.04642424381026202
0.04907385054507262
0.04714501871415639
0.04855659764295326
0.048320451132562205
0.04907680412395619
0.05083861388658059
0.04877761895581519
0.05148499972278945
0.05017109140602923
0.053507202967466576
0.05454761583144416
0.053762775654051354
0.05354830445257375
0.053927032277732545
0.050201664479029684
0.04877120442041969
0.051717154703206175
0.05262543625240677
0.052058175687920705
0.05577802650976308
0.05416130369675077
0.05692560905681419
0.05722544011668723
0.06336605141016201
0.06171351466783606

2022-01-25 15:16:47
训练时长0m7s使用算法: rf
0.04668904051914787
27
0.04668904051914787
0.0478144125778154
0.04853198222458099
0.049093006670674455
0.04842204602954405
0.04725361534143894
0.04974649479370393
0.04830637894086495
0.050642504097556586
0.051930064409860636
0.05207145765963097
0.054017563510581845
0.052547929916943015
0.0523796653580152
0.05331206189375786
0.05054972135959704
0.048869448743023326
0.05184701204049289
0.048611803864465564
0.05126395288765929
0.05346707570462689
0.05676030890824447
0.05366439146955287
0.05637323755479016
0.0652583702941467
0.06200029812071914
