
2022-02-03 09:08:57
训练时长0m2s使用算法: gbdt
0.06138353500984244
5
0.10484656945778209
0.1061685760539941
0.10778970242309416
0.10383226461180046
0.10199348885571445
0.09639262192984528
0.10362344937410828
0.1090267465110613
0.10283399092912172
0.10620343463048465
0.11044224109987745
0.09579136387329486
0.11266404477711754
0.10819100188568083
0.11772249117428187
0.10309124728777386
0.104590313277566
0.11211712924433882
0.10969583302888293
0.10272503269234845
0.0832487413410134
0.07737997518476518
0.06138353500984244
0.13839266415590315
0.14296736578941285
0.13669351558101803

2022-02-03 09:19:53
训练时长0m1s使用算法: gbdt
0.062302868165945956
5
0.1013989760857723
0.10490939517654646
0.1015397845717028
0.10100588693052248
0.1008718955959043
0.11032360277540905
0.10458411796405283
0.11258682882573558
0.11052256993762427
0.11090927392769227
0.11940441340051976
0.11516422826369327
0.11479342390634624
0.12112026436230457
0.1137180256127349
0.10668700104327848
0.09931741637342079
0.10796034297725211
0.10715070554587591
0.10287559977064875
0.08531413837726809
0.07932854385529207
0.062302868165945956
0.13814567436365835
0.14296736578941285
0.13675994365093616
