
2022-01-23 17:22:36
训练时长0m0s使用算法: lgb
0.09845590840394365
5
0.10178580819464068
0.10178580819464068
0.10178580819464068
0.10178580819464068
0.10178580819464068
0.10178580819464068
0.10178580819464068
0.10178580819464068
0.10178580819464068
0.10075692075806113
0.1008033532552131
0.09845590840394365

2022-01-23 17:33:40
训练时长0m0s使用算法: lgb
0.09845590840394365
5
0.10178580819464068
0.10178580819464068
0.10178580819464068
0.10178580819464068
0.10178580819464068
0.10178580819464068
0.10178580819464068
0.10178580819464068
0.10178580819464068
0.10075692075806113
0.10278032985490014
0.09845590840394365

2022-01-23 17:58:45
训练时长0m0s使用算法: lgb
0.09845590840394365
5
0.10178580819464068
0.10178580819464068
0.10178580819464068
0.10178580819464068
0.10178580819464068
0.10178580819464068
0.10178580819464068
0.10178580819464068
0.10178580819464068
0.10075692075806113
0.1008033532552131
0.09845590840394365
