
2022-02-23 18:34:46
训练时长0m1s使用算法: gbdt
0.1777832861165626
2
0.2814333903733009
0.3021494788940502
0.2928828216334347
0.2888393911595592
0.3085594814194457
0.30097821289838234
0.29202576038967143
0.2873086933524542
0.2940581275770771
0.29628896781975045
0.2870747804529981
0.2743922038972011
0.2943009164520276
0.28799947859796
0.2741336649759542
0.28884161643204465
0.29846321062020986
0.2862583798708341
0.3057802823474269
0.2737765264760264
0.2609583073637567
0.25191580817430986
0.25467347681137825
0.24266200405075278
0.23048433332288606
0.24130587144868984
0.1777832861165626
