
2022-02-07 09:09:47
训练时长0m0s使用算法: lgb
0.2875908066992275
8
0.30138697281645976
0.30138697281645976
0.30138697281645976
0.30138697281645976
0.3038330583615763
0.30880551717177956
0.31406686814804985
0.31406686814804985
0.3160754619445223
0.32264206757433195
0.31857605477867307
0.31980772141426583
0.3204800315454737
0.3375679583824163
0.32889807050171216
0.3378152300493748
0.3257909717338639
0.32438391202408773
0.2997257172463607
0.2875908066992275
0.2991590981692422
0.29957641135081736
0.3347319753097273
0.34472962736342333
0.33228062867231317
0.5152644660241373
