
2022-02-07 09:08:00
训练时长0m2s使用算法: ada
0.13262912563947446
10
0.14700347276325723
0.14357199165318288
0.15252878277189677
0.1473354136154658
0.13437227210377642
0.1606198818358461
0.13814617792468856
0.15038738869051982
0.16269750711114736
0.1531443980539118
0.14327571009293116
0.15392265840360797
0.14610548774909107
0.15442399116764918
0.14274411505503065
0.13482881947137695
0.16639609781318496
0.13262912563947446
0.1368138748868183
0.14609762975225904
0.1577564453083758
0.13890295239749736
0.1374527048469183
0.1349701343106298
0.20088379738001008
0.46149599149974824
