
2022-01-29 14:56:08
训练时长0m9s使用算法: rf
0.084218031527356
5
0.11460333194641259
0.11498328802294881
0.11729490774669472
0.11224657445473478
0.11741871919476803
0.11390214630375885
0.11985944691070165
0.11984858804579235
0.11618507615115185
0.11281043136522133
0.11085082379653917
0.10918570627730177
0.10743296984043414
0.11046208785976706
0.11250465993765774
0.10900270686871509
0.10137677216314271
0.10216944145376393
0.09697891987520162
0.09003829893096277
0.08648788923623313
0.09193931969136332
0.084218031527356
0.1357913719310679
0.14728603586928943
0.12789797608948664
