
2022-01-23 17:22:35
训练时长0m0s使用算法: gbdt
0.07749709381158647
9
0.08415987531940859
0.08194095377295406
0.08378163716643929
0.08624213308592586
0.08376536173347628
0.0857765077347351
0.08447814338887905
0.08502017071342725
0.08374831003966805
0.07749709381158647
0.09263483786342204
0.09356535137848505

2022-01-23 17:33:39
训练时长0m0s使用算法: gbdt
0.07522203008392853
9
0.08053657281584614
0.0849084633865164
0.08359729908642384
0.08661585185933017
0.08642135199612948
0.08186826255512696
0.0848076496495222
0.08599442552370412
0.07998171245166757
0.07522203008392853
0.09600370948612481
0.09516535031784405

2022-01-23 17:58:44
训练时长0m0s使用算法: gbdt
0.07567267529540461
13
0.08471321121651186
0.08683983756555617
0.0831403166028755
0.08297549413816331
0.08608705427415779
0.08345367976151354
0.08432302447666269
0.07567267529540461
0.0770050430473645
0.07607260737867505
0.09426210230999792
0.09389561726969793

2022-01-25 11:09:42
训练时长0m1s使用算法: gbdt
0.08170713709629647
15
0.0863775804994391
0.08617864848461543
0.08541609964690122
0.08560249577081319
0.08261097747846084
0.0865946756291376
0.08413326133530351
0.08412901680547073
0.0830193474271427
0.08809292760635146
0.08588495629375326
0.08207115941421565
0.08170713709629647
0.08234167867823576
0.0886378587961043
0.09091058370122744
0.08930455211974257
0.08446429873295962
0.09558577453596966
0.09646095620378964
0.09277123652460074
0.09609073931574812
0.10619273225188541
0.09641991956155709
0.09362762369565504
0.1060358702632856

2022-01-25 11:25:19
训练时长0m1s使用算法: gbdt
0.035296448326193074
3
0.053639246034454635
0.056576826552022265
0.05431433861140703
0.052626721510288854
0.05398682949632284
0.05236393275658479
0.05666682759652065
0.05406122838984436
0.05528402896314282
0.05718198577617561
0.05869935562517023
0.054875020881030544
0.054362392850015345
0.05701987401886268
0.055493622767791566
0.057283479355588536
0.06028787008780379
0.0622158886810301
0.05933762251492782
0.06429868279526631
0.058494636019358164
0.051633349517553016
0.04471333291563068
0.04462243767523425
0.035296448326193074
0.08964829507797673

2022-01-25 12:37:38
训练时长0m1s使用算法: gbdt
0.035296448326193074
3
0.054139473795815164
0.054577685357384574
0.053911642043250885
0.05461689040766796
0.05539383926326106
0.0543876409419066
0.053567439998720025
0.056025762265849884
0.05484007550479608
0.05737424115074973
0.05509268956302279
0.05636381396540607
0.05610769177831865
0.05860518316297172
0.05961029257782175
0.05979133606231155
0.061532201877383876
0.05757133944799813
0.06301272812248725
0.06212873394900451
0.05765672357325618
0.05804515373455558
0.04848768747055187
0.04455858274756245
0.035296448326193074
0.08964829507797673

2022-01-25 15:15:44
训练时长0m1s使用算法: gbdt
0.035296448326193074
3
0.052510502189193585
0.055191985471871985
0.05618311703479995
0.05510458965814854
0.0546463235229421
0.057072326123895574
0.0543168415263477
0.05634319217530062
0.05865604577379315
0.05654403288787798
0.056713528078784776
0.05649539747588253
0.06001742229383508
0.06096733532067409
0.057972928680228124
0.05813747044042625
0.060781099839307164
0.06081670116690702
0.05988607989187699
0.06098647262563475
0.05732812543752624
0.059492763283121204
0.04796591451824269
0.04438260505003087
0.035296448326193074
0.08964829507797673
