
2022-01-23 17:31:53
训练时长0m2s使用算法: xgb
0.08555249195777355
25
0.0868153921917895
0.08555249195777355
0.08682956998267273
0.08611535263882719
0.08682956998267273
0.08611388925696135
0.0879131416644698
0.08585330631759754
0.09548614444172343
0.09785034080294598
0.08873218120096653
0.12172575816642243

2022-01-23 17:34:38
训练时长0m2s使用算法: xgb
0.0857990805970773
19
0.08718680161874286
0.08661901814415167
0.0857990805970773
0.0868066071085855
0.0857990805970773
0.08680611326879883
0.08697260005343577
0.08659744294514164
0.09520713957274647
0.09785034080294598
0.08873218120096653
0.12172575816642243

2022-01-23 18:00:29
训练时长0m2s使用算法: xgb
0.08585330631759754
13
0.08802439930923207
0.08623391422509143
0.08675986325251166
0.08611178540112206
0.08675986325251166
0.08611063472018536
0.0879131416644698
0.08585330631759754
0.09548614444172343
0.09785034080294598
0.08873218120096653
0.12172575816642243
