
2022-02-08 11:47:21
训练时长0m0s使用算法: lgb
0.18100766259793089
3
0.19653508398182032
0.19653508398182032
0.19653508398182032
0.19653508398182032
0.19653508398182032
0.19653508398182032
0.19653508398182032
0.19653508398182032
0.19653508398182032
0.19653508398182032
0.19653508398182032
0.19653508398182032
0.19653508398182032
0.19589803209695975
0.18937482999754798
0.19548919956246427
0.19956314347090373
0.1937576771997679
0.189736811206779
0.19649555307099156
0.20321555821182793
0.20068375329239316
0.19758124912644762
0.21305592971526707
0.18100766259793089
0.1841468407655896
