
2022-01-23 17:21:06
训练时长0m0s使用算法: gbdt
0.10957947275825697
21
0.1131042984516173
0.1097617698393914
0.11259639930055747
0.10957947275825697
0.11198890759320783
0.12583499676063162
0.1181131365610157
0.11754781365824972
0.11426930760752509
0.12715694353218168
0.1441670739655527
0.12779751570178838

2022-01-23 17:33:16
训练时长0m0s使用算法: gbdt
0.10954666832317646
23
0.11739983930673863
0.11519996010033966
0.10954666832317646
0.11355140275983489
0.12068772830447712
0.11168061990565847
0.11384463962586326
0.1281611489378969
0.1283774298703303
0.12431770603144325
0.12963064465394816
0.12832853644676115

2022-01-23 17:57:03
训练时长0m0s使用算法: gbdt
0.1063888003726517
21
0.11944370660972964
0.11339864179264891
0.11314332205663104
0.1063888003726517
0.11521849601159913
0.11624043241230027
0.1181684044341952
0.11667770760015855
0.13179829595485734
0.12662619458218793
0.132096464342377
0.14395857306093393

2022-01-25 11:05:54
训练时长0m1s使用算法: gbdt
0.08666121202764383
23
0.09120843311565623
0.09009286036748587
0.08732476064313723
0.09530222327616945
0.08666121202764383
0.0920710610659327
0.08918289522268052
0.09802419231437993
0.09574687694103484
0.09459130138954293
0.09395169106640304
0.10459482653043638
0.09790312388387772
0.09347614202256503
0.09549812934168989
0.09543130745390456
0.1042524139649486
0.09431001303153086
0.10125249301246443
0.11271433230556965
0.1090547077483102
0.11290876612983025
0.13129172947375578
0.10916628138628375
0.15130921691336055
0.09913160821200084

2022-01-25 11:07:57
训练时长0m1s使用算法: gbdt
0.09693958985836505
5
0.12038673182748576
0.11959104015449873
0.12189944300268508
0.12136918676462856
0.12142055336699781
0.12468735046670198
0.11890081126531188
0.12586539587315732
0.12560399571126202
0.12264107759702995
0.12417424217215171
0.12225682316530173
0.12290047340263771
0.12452428584069924
0.12866690014026227
0.12979551432498002
0.13257698633141765
0.12480196858079083
0.12527973219688124
0.127338484747491
0.12008382745995061
0.1037470432044959
0.09693958985836505
0.09859344253339715
0.09976073458648503
0.11004957515860009

2022-01-25 11:20:58
训练时长0m1s使用算法: gbdt
0.03991289539094733
16
0.04148891242436716
0.04150513145484204
0.04149852419729032
0.041442284274248155
0.0413744707810433
0.04156344600802538
0.041137294692624955
0.04134541907697487
0.040790626898935194
0.040823153373272976
0.04078910017237839
0.03991289539094733
0.041108165951561866
0.04098069973018642
0.04128103999964895
0.04039248978689561
0.042312960562611544
0.041522171233228704
0.041304878922642
0.041955560277119074
0.041698459797931825
0.04222809263032867
0.04135627254815649
0.04183568639305862
0.05120484643923557
0.06229671646167634

2022-01-25 11:23:18
训练时长0m1s使用算法: gbdt
0.08870800799569821
27
0.08870800799569821
0.09302175155451682
0.09217308417846626
0.09165950368593834
0.08944863923434325
0.0948695284455807
0.0923431892204926
0.09082062487942567
0.09845919642394728
0.09689895915230233
0.09173465375219737
0.09045669629473733
0.09464295046153659
0.09609150709971293
0.09760819001494846
0.09831478703832902
0.10176802306962822
0.11343022534447156
0.11241068630516247
0.10206660938063279
0.11271001049986629
0.10999309903211368
0.13129961500790482
0.10778636534368047
0.1513896190376079
0.09913160821200084

2022-01-25 12:39:26
训练时长0m1s使用算法: gbdt
0.08631778916888906
22
0.09425472983900261
0.08969251796796224
0.09153076387949322
0.09003169702169568
0.09463247581889257
0.08631778916888906
0.0960504754697602
0.09202435626789647
0.08866391702650885
0.0977021480943513
0.0898128404810749
0.0962288720019368
0.10092979113814504
0.09368968881181679
0.09330296077255074
0.09059573375629727
0.0915648976865369
0.0940164662414786
0.09967724797699139
0.09663665092437439
0.09935155673120609
0.11372431942829193
0.13299268096211428
0.10650093545854622
0.15133288221327654
0.09913160821200084

2022-01-25 15:13:33
训练时长0m1s使用算法: gbdt
0.08894283792868309
11
0.08989112126437837
0.09816256523987708
0.09235132426524906
0.0933715318927129
0.09705669754849171
0.09594787322171865
0.09166985535654361
0.09133891768823794
0.09520889650751968
0.09880249363669957
0.09734635175946428
0.09448024438917892
0.09731018565180323
0.10758356504653659
0.09650443642185581
0.09902908160473219
0.08894283792868309
0.09205961454545801
0.10146373187618218
0.09851595498084087
0.10925996710598122
0.1445431785419496
0.1339643321446349
0.14852239931291486
0.15119391202000956
0.09913160821200084
