
2022-01-23 17:21:12
训练时长0m1s使用算法: xgb
0.11519041938474528
25
0.1187307890184273
0.11519041938474528
0.11642564626803563
0.11525785284054439
0.11656183172543101
0.1166203628701865
0.11858091499752343
0.12059385816096026
0.12562167338439595
0.1695347516116387
0.16300934283362503
0.17269477870185254

2022-01-23 17:33:21
训练时长0m1s使用算法: xgb
0.10284676046366605
27
0.10284676046366605
0.10680027684605986
0.10785611507364683
0.10677300475999714
0.108387000694719
0.10643823302148854
0.11566463082844965
0.11142634316118984
0.10988245016616079
0.11353423210606127
0.18263087983773074
0.17180659356600128

2022-01-23 17:57:09
训练时长0m1s使用算法: xgb
0.10427107007718407
25
0.12010758447605584
0.10427107007718407
0.11735142761245808
0.10672706390827376
0.108387000694719
0.10643823302148854
0.11566463082844965
0.11142634316118984
0.10988245016616079
0.11353423210606127
0.18263087983773074
0.17180659356600128

2022-01-25 11:06:04
训练时长0m2s使用算法: xgb
0.06474868507852248
7
0.0957506637104391
0.0734697663424217
0.07373472591161566
0.07373435342292248
0.07373472591161566
0.07374063334226885
0.07366740286342043
0.07330759829797028
0.07371993610074862
0.0724410239658679
0.0740542292011936
0.07303425208191373
0.07156853876625742
0.07155697947670617
0.07192534763642018
0.07544698835333251
0.07639677281871204
0.07495974096716515
0.08931282119253907
0.07895485289788556
0.06474868507852248
0.06769846400030805
0.07073911613742859
0.07841442783794866
0.14391728095315626
0.15436227816808634

2022-01-25 11:08:08
训练时长0m3s使用算法: xgb
0.08201020995672872
27
0.08201020995672872
0.09254282486337741
0.09102295428225099
0.0912861354584909
0.09098929596334666
0.09128645952354099
0.09098875444954325
0.09153784301174267
0.09275859455241452
0.09089713014410838
0.09079787729631832
0.08981393544785772
0.0861743820677811
0.0866413456589491
0.09325925491981087
0.09321120931851239
0.09342796348123107
0.08222229822443818
0.08295842997721342
0.08631750772531603
0.099730759218975
0.10019050706240645
0.10266072195881931
0.10856448867069375
0.09203429235197029
0.08777756809855491

2022-01-25 11:21:09
训练时长0m3s使用算法: xgb
0.03960267405756225
19
0.03965380046566866
0.039669359971819966
0.03966512653234503
0.039669359971819966
0.03966512653234503
0.03966937435497006
0.03967813160941372
0.03963525823509385
0.03960267405756225
0.04100449662182057
0.041723716451306715
0.04158854725742525
0.0403339860410199
0.04320279528544632
0.0443296501679862
0.04242116855194155
0.042649280906577915
0.042603618161648
0.043121193326218214
0.045081452977172275
0.04715703067065432
0.04180920095438443
0.04279251405697712
0.043900803299346446
0.042540992884761715
0.05076831523756662

2022-01-25 11:23:29
训练时长0m2s使用算法: xgb
0.0678213561896937
6
0.09144166833455107
0.08066688599408023
0.08026179946341062
0.08026707053707083
0.07991660863716182
0.08026963989287395
0.0797094727471577
0.07938386270181094
0.07977486035113951
0.07851308872059669
0.08021558828342208
0.07909784448134963
0.07738731447690299
0.07825021335151994
0.07942662404034592
0.08079362153879946
0.08067807973766207
0.08413573067620823
0.0843425044523775
0.07575323360310343
0.06840566444257155
0.0678213561896937
0.07073911613742859
0.07841442783794866
0.14391728095315626
0.15436227816808634

2022-01-25 12:39:36
训练时长0m2s使用算法: xgb
0.06489120470755623
6
0.07858659987451332
0.07348826494580504
0.07631862437648974
0.07349827926952399
0.07631862437648974
0.07349827926952399
0.07632692225480685
0.07340871734085637
0.0758279214864612
0.0734795293890928
0.07241938202342416
0.0740542292011936
0.07303260289980502
0.07156589808130144
0.07156953673705518
0.07192698876438675
0.07544750221646568
0.07639722035209975
0.07492179167174226
0.089324517464226
0.078521772076493
0.06489120470755623
0.06769846400030805
0.07073911613742859
0.13928526928419896
0.15479515692207918

2022-01-25 15:13:44
训练时长0m3s使用算法: xgb
0.06474868507852248
7
0.08485857794516566
0.07382970667138683
0.07631951637575148
0.0734665199044931
0.07631951637575148
0.07346945407199111
0.07650739248137979
0.07302409001978293
0.0737194954406631
0.07243887773118733
0.07397025929880571
0.07303425208191373
0.07156853876625742
0.07155697947670617
0.07192534763642018
0.07544698835333251
0.07639677281871204
0.07495974096716515
0.08931282119253907
0.07895485289788556
0.06474868507852248
0.06769846400030805
0.07073911613742859
0.07841442783794866
0.14391728095315626
0.15436227816808634
