
2022-01-23 17:21:07
训练时长0m0s使用算法: lgb
0.08282976870579228
5
0.08282976870579228
0.08282976870579228
0.08282976870579228
0.08282976870579228
0.08282976870579228
0.08282976870579228
0.08282976870579228
0.08282976870579228
0.08282976870579228
0.08282976870579228
0.08282976870579228
0.08282976870579228

2022-01-23 17:33:16
训练时长0m0s使用算法: lgb
0.08282976870579228
5
0.08282976870579228
0.08282976870579228
0.08282976870579228
0.08282976870579228
0.08282976870579228
0.08282976870579228
0.08282976870579228
0.08282976870579228
0.08282976870579228
0.08282976870579228
0.08282976870579228
0.08282976870579228

2022-01-23 17:57:04
训练时长0m0s使用算法: lgb
0.08282976870579228
5
0.08282976870579228
0.08282976870579228
0.08282976870579228
0.08282976870579228
0.08282976870579228
0.08282976870579228
0.08282976870579228
0.08282976870579228
0.08282976870579228
0.08282976870579228
0.08282976870579228
0.08282976870579228
