
2022-02-07 09:07:10
训练时长0m3s使用算法: xgb
0.14650205561970642
2
0.34227216924630977
0.16683675284435465
0.16609031837800162
0.1661381600838302
0.16609011411267743
0.16613625813103214
0.16608856961671312
0.16612835741986165
0.16612905049526464
0.166162553765737
0.16642092042399073
0.16645817082161318
0.16577271075366806
0.1650659448767614
0.17312237864102129
0.1689104393025813
0.16762196657768533
0.17217294971852012
0.16854929322828152
0.16603982144530563
0.16711440201018013
0.16425423316257773
0.18077112410463822
0.17817236868566752
0.19097678596114473
0.14650205561970642
