
2022-01-23 17:31:47
训练时长0m0s使用算法: lgb
0.07230941397523998
9
0.08058695232580616
0.08058695232580616
0.08058695232580616
0.08058695232580616
0.08058695232580616
0.08058695232580616
0.08058695232580616
0.07671375840755322
0.07734232570889225
0.07230941397523998
0.08017593005566502
0.09446358738170037

2022-01-23 17:34:32
训练时长0m0s使用算法: lgb
0.07230941397523998
9
0.08058695232580616
0.08058695232580616
0.08058695232580616
0.08058695232580616
0.08058695232580616
0.08058695232580616
0.08058695232580616
0.07671375840755322
0.07734232570889225
0.07230941397523998
0.08017593005566502
0.09446358738170037

2022-01-23 18:00:23
训练时长0m0s使用算法: lgb
0.07230941397523998
9
0.08058695232580616
0.08058695232580616
0.08058695232580616
0.08058695232580616
0.08058695232580616
0.08058695232580616
0.08058695232580616
0.07671375840755322
0.07734232570889225
0.07230941397523998
0.08017593005566502
0.09446358738170037

2022-01-25 11:30:26
训练时长0m0s使用算法: lgb
0.08725595036361061
14
0.0872941718237003
0.0872941718237003
0.0872941718237003
0.0872941718237003
0.0872941718237003
0.0872941718237003
0.0872941718237003
0.0872941718237003
0.0872941718237003
0.0872941718237003
0.0872941718237003
0.0872941718237003
0.0874409421107084
0.08725595036361061
0.0890624924361394
0.09286398700857063
0.09095522856113493
0.0889052645412473
0.08850661416019572
0.08872356668304611
0.10147996309612765
0.1001180616783034
0.09898224510591659
0.11973815449947744
0.11718729910089883
0.11611860701856565

2022-01-25 15:17:37
训练时长0m1s使用算法: lgb
0.08685502408187902
15
0.0872941718237003
0.0872941718237003
0.0872941718237003
0.0872941718237003
0.0872941718237003
0.0872941718237003
0.0872941718237003
0.0872941718237003
0.0872941718237003
0.0872941718237003
0.0872941718237003
0.0872941718237003
0.08685502408187902
0.08725595036361061
0.0890624924361394
0.09286398700857063
0.09095522856113493
0.0889052645412473
0.08850661416019572
0.08872356668304611
0.10147996309612765
0.1001180616783034
0.09898224510591659
0.11973815449947744
0.11718729910089883
0.11611860701856565
