
2022-02-07 10:43:46
训练时长0m3s使用算法: xgb
0.19275241507149352
2
0.2164093225441742
0.2245403266385374
0.22454081169458048
0.2245403266385374
0.22454081169458048
0.2245403266385374
0.22454081169458048
0.2245403266385374
0.22454081169458048
0.22452909635939236
0.2248032064174433
0.22493791324815612
0.22818382566777998
0.22839522019547986
0.22664483085712414
0.22732770689248571
0.2275733935245086
0.22751367569109893
0.22827785876957885
0.22193482416946822
0.22805847756808695
0.22467026001397672
0.22127386345118402
0.20612417408748382
0.1981246835360925
0.19275241507149352
