
2022-01-23 17:31:51
训练时长0m3s使用算法: rf
0.08651655963918932
7
0.0877841611225395
0.08843103003539232
0.09036382151195672
0.08938881222359123
0.08698504603708107
0.08811831088044164
0.08868770769395896
0.09085256491783557
0.0866293693662817
0.08728668903043098
0.08651655963918932
0.09241717512623064

2022-01-23 17:34:36
训练时长0m3s使用算法: rf
0.08639405009947469
11
0.08671322444763296
0.08818891579155874
0.08685175932739546
0.08784745172915355
0.08816993194779416
0.08967936602522963
0.08788598154519761
0.08706790189129963
0.08639405009947469
0.08667833925157797
0.08645927935506854
0.09160099417773475

2022-01-23 18:00:26
训练时长0m3s使用算法: rf
0.08394726101110694
9
0.08862733831202702
0.08774510718311457
0.08714388730404822
0.0879221899607296
0.09047245606158576
0.08554309723089137
0.08762873830254737
0.08962010122557214
0.08854104878227391
0.08394726101110694
0.0871368977847074
0.09190126963008843
