
2022-02-07 09:07:47
训练时长0m0s使用算法: lgb
0.28720092495940425
11
0.28720092495940425
0.28720092495940425
0.28720092495940425
0.28720092495940425
0.28720092495940425
0.28720092495940425
0.28720092495940425
0.28720092495940425
0.28720092495940425
0.28720092495940425
0.28720092495940425
0.28720092495940425
0.28720092495940425
0.28720092495940425
0.28720092495940425
0.28720092495940425
0.28720092495940425
0.29818763249275737
0.29202124216995295
0.3311929162335589
0.32086042829430267
0.32454032108053277
0.32764145537530076
0.33797137748773026
0.34648681411363036
0.34013601302928903
