
2022-02-07 10:44:43
训练时长0m6s使用算法: rf
0.06639242263740326
3
0.11833599062095601
0.12069792936182822
0.12212993555166428
0.11684987699922833
0.1296240653463555
0.12572987629044657
0.12630907265816246
0.12679724417875285
0.12888607826012535
0.12728718784366708
0.12254868928942575
0.12515209335656494
0.12473839295352511
0.12698715193157575
0.12368948372738538
0.12382158863926518
0.1293037842650732
0.12386903656600061
0.12606908678542886
0.12858509030429902
0.13150107467937647
0.1195751147185286
0.11126350460775009
0.08074915158268108
0.06639242263740326
0.12627595785323595
