
2022-01-23 17:25:28
训练时长0m0s使用算法: gbdt
0.12171477135336055
17
0.12548032181854177
0.1235272390224136
0.12520966792070035
0.12499806210446884
0.12293561779970215
0.12171477135336055
0.1234550793591938
0.12259295581792551
0.13459765681819458
0.14542335358949923
0.13527338282797108
0.15377882557603287

2022-01-23 17:31:10
训练时长0m0s使用算法: gbdt
0.07360079335579424
17
0.07789118596981832
0.07584742773425705
0.07655391158398599
0.07540804023247659
0.07594411683762671
0.07360079335579424
0.07860386488324682
0.07813724085328623
0.07744798961891325
0.08208979871291854
0.07603803113972692
0.09459052962597303

2022-01-23 17:34:05
训练时长0m0s使用算法: gbdt
0.07444884212022186
17
0.07620830538030736
0.07725519814595498
0.07697540258999003
0.0772334615856019
0.07727907837815767
0.07444884212022186
0.07529205020334702
0.07735224763744478
0.07706008167875429
0.08059483909883404
0.07543166882862469
0.09384873383900096

2022-01-23 17:59:21
训练时长0m0s使用算法: gbdt
0.0729370899737621
19
0.0763735045071375
0.07633405349943678
0.07811994644588038
0.07641118821518723
0.0729370899737621
0.07602242297645255
0.07718458068406064
0.07683245479648865
0.0792482808856857
0.08251043301531298
0.07614802711511837
0.09369500664394075

2022-01-23 17:59:49
训练时长0m0s使用算法: gbdt
0.07424469263252363
17
0.07698187825054989
0.07602343440438385
0.0756277956704413
0.07601577133065697
0.0773752645579903
0.07424469263252363
0.07592171444310508
0.07626903872576285
0.0778398831249109
0.07776652209685324
0.08239450407192118
0.08888874105936802

2022-01-25 11:27:27
训练时长0m1s使用算法: gbdt
0.030219020866400086
4
0.04885105840308174
0.04960938427044503
0.05135285710217182
0.05070175311753181
0.05025081821754624
0.04988036270243737
0.04786289431229284
0.04903944749684075
0.0474252709411034
0.04934451747891255
0.04916099412946947
0.052124211928082066
0.05376631510216112
0.05356372274386434
0.048403220398237363
0.051539226702013906
0.056504841953954894
0.055603919673675006
0.058808856188762755
0.05704994936004267
0.050086690360812224
0.05259518746529954
0.046396043733556984
0.030219020866400086
0.05998284137161971
0.06181863685760544

2022-01-25 11:35:18
训练时长0m1s使用算法: gbdt
0.03027638185184403
4
0.050762901297137876
0.04932054745497314
0.049248708704390735
0.04933110863314643
0.050978079550239884
0.05064798852877137
0.0503039960197052
0.052863845645499515
0.051725046560415155
0.05140130638113163
0.0541756930041842
0.05213159951701383
0.04979688115238554
0.05031254965908224
0.048113539488502464
0.0504861070032799
0.049245715865116946
0.055612248142161175
0.05911392326920476
0.057357195367652096
0.049364682306785757
0.04319767144601008
0.04593423922746607
0.03027638185184403
0.06007086308636015
0.06181863685760544

2022-01-25 15:16:38
训练时长0m1s使用算法: gbdt
0.030160170026631117
4
0.051285711853273984
0.04986174611120552
0.051255072305782384
0.04937602851872961
0.04953961002096149
0.04927857585379297
0.05128396963202453
0.050463432675641906
0.05044100056255746
0.04914767322228741
0.051800474561749715
0.052302042822290194
0.04973277785138466
0.05128002706368895
0.0491452000104897
0.05145063777581965
0.04949692052615775
0.055822896841584146
0.05881800588976285
0.056723101320600815
0.05007240868163976
0.0429648466807715
0.045931731797154936
0.030160170026631117
0.06000082931188202
0.06181863685760544
