
2022-02-08 11:47:27
训练时长0m6s使用算法: rf
0.19155104621560695
2
0.2052433206725449
0.20470525317972396
0.2079338774953423
0.20354594675501833
0.2053614808451306
0.2083747243179542
0.2045831950362602
0.2124998048733723
0.2150826462433972
0.21467659095809077
0.21567076279024966
0.2069282382327906
0.2086195422365172
0.2050148342092013
0.2127573365016914
0.20668934437553768
0.219051550599233
0.21125203474433196
0.20785297617792786
0.20529204127101197
0.19907896564332325
0.21965775356769793
0.21934122082181096
0.23254526167022782
0.21327683377402784
0.19155104621560695
