
2022-01-25 02:57:53
训练时长0m2s使用算法: gbdt
0.06542897034198748
11
0.07296823481548213
0.07299081113315015
0.07292419612788546
0.0721596358165777
0.07240530290424142
0.07037188712723591
0.07114740195065199
0.07044753537047736
0.07095242667318885
0.0678190525693231
0.07098563926118862
0.0731227310190086
0.07167588226311421
0.0721268878999053
0.07416358617229117
0.07049006617340943
0.06542897034198748
0.07137324668262768
0.07075661317261826
0.07655940647975852
0.08323097866715085
0.07858827793461808
0.07541642016271184
0.06698195723753618
0.06949209236398966
0.0680165712457977
